tree
version=v4
num_class=1
num_tree_per_iteration=1
label_index=0
max_feature_idx=22
objective=binary sigmoid:1
feature_names=Column_0 Column_1 Column_2 Column_3 Column_4 Column_5 Column_6 Column_7 Column_8 Column_9 Column_10 Column_11 Column_12 Column_13 Column_14 Column_15 Column_16 Column_17 Column_18 Column_19 Column_20 Column_21 Column_22
feature_infos=[-22.657318097408449:15.81774100597845] [-1.0967671370832335:54.302181454707636] [-1.3710665443790797:71.618068267860039] [-0.53776375106479102:5.8173886147994471] [-0.53959578578969092:5.7694004556427503] [-0.54291019473874247:5.6672225683682553] [-8.8224439028554187:6.1150098881216239] [-6.3487436590079094:5.3595957002242072] [-2.0399106063360919:2.134416705968976] [-0.33603799934690237:25.072222044799851] [-1.0670658792584993:12.488418178531582] [-0.79625726398472696:12.442291105406852] [-1.3292324202641552:19.97796387493344] [-64.541841374726516:45.356575839175946] [-53.931157138055347:43.511154692653854] [-63.883254673575941:70.063682322475799] [-0.53776375106479102:5.8173886147994471] [-0.53448434488528596:5.8882649164956931] [-0.54506527115937575:5.8961253520066901] [-2.0114131465517198:2.1110951541720762] [-1:0.91666666666666663] [-0.75:0.75] [0:1]
tree_sizes=3444 3483 3466 3475 3492 3484 3476 3472 3480 3480 3475

Tree=0
num_leaves=31
num_cat=0
split_feature=11 0 11 13 11 11 7 14 9 18 10 17 10 21 18 14 3 8 19 17 9 7 10 7 10 19 11 18 7 9
split_gain=374.305 114.032 65.8704 63.4516 43.6482 38.666 38.2714 38.0907 36.0441 42.967 33.9732 32.1233 30.1271 28.7063 26.748 26.5324 27.0684 26.1779 24.3706 23.9322 27.7897 22.7477 22.2175 21.1093 19.9089 19.2928 20.9277 18.4896 22.5619 18.3744
threshold=-0.12259684476862574 -0.60125549613097573 -0.45591773801612595 -0.11091032994879745 3.531732225478132 1.0645485691571632 -0.32134685901815629 -0.42833002514389568 0.097100513368586924 4.0628122328657161 -0.22417602420023675 -0.50552348653597812 1.7546426201676686 -1.0000000180025095e-35 2.2664427765197366 -0.091355037409391104 -0.51785697663935271 -1.265606023948014 0.74314829103997437 -0.3898779573651846 -0.091105830777330088 -2.3355358262511663 0.32558476015143312 -0.37105662753674629 0.24682150031687253 1.2209699697883454 5.2077060919146065 -0.41488788527548154 -2.2039306800116667 1.4225645422169158
decision_type=2 2 2 2 2 2 2 2 2 2 2 2 2 2 2 2 2 2 2 2 2 2 2 2 2 2 2 2 2 2
left_child=2 4 6 5 7 14 -1 10 11 13 -2 -4 25 18 -3 -8 -17 -18 22 20 -9 -15 -10 29 -6 26 27 28 -5 -23
right_child=1 3 8 12 24 -7 15 19 9 -11 -12 -13 -14 21 -16 16 17 -19 -20 -21 -22 23 -24 -25 -26 -27 -28 -29 -30 -31
leaf_value=-0.53782743205191696 -0.52349768498597982 -0.51078894162706145 -0.51123086228253267 -0.61070312449009945 -0.50251351645412412 -0.48846515713601202 -0.58346257488653519 -0.49945928738693446 -0.49978744714810264 -0.58934898217980802 -0.4682122793489828 -0.54892071335223946 -0.50412339616611768 -0.39821568820551506 -0.54316609218138556 -0.41656332156918957 -0.42578978730286543 -0.56053249820360884 -0.46528786329816396 -0.51889030935877078 -0.41749373089329217 -0.56607114306359851 -0.53882475640515093 -0.52378722960351132 -0.43537359994929903 -0.49907636168297276 -0.48540652982840049 -0.53914254526804428 -0.52113293421327278 -0.50685072797967201
leaf_weight=425.51148411631584 91.030981242656708 1013.4782578349113 159.1875107884407 17.272545158863068 40.847235172986984 448.38593581318855 376.26138913631439 355.25423961877823 227.57745310664177 64.188512414693832 334.94732841849327 1478.2030877172947 290.13207611441612 6.5355576276779166 193.2657755613327 7.4692087173461905 8.1694470345973951 742.25261628627777 72.357959449291229 588.43359926342964 27.776119917631149 182.99561357498169 156.15314474701881 340.78264772891998 104.33550927042961 111.57130521535873 56.485890924930573 1524.8856422007084 686.70037645101547 39.91358408331871
leaf_count=1823 390 4342 682 74 175 1921 1612 1522 975 275 1435 6333 1243 28 828 32 35 3180 310 2521 119 784 669 1460 447 478 242 6533 2942 171
internal_value=-0.527275 -0.514179 -0.545252 -0.520824 -0.495502 -0.508507 -0.558365 -0.499899 -0.53774 -0.526481 -0.479955 -0.54524 -0.52841 -0.522469 -0.515995 -0.56604 -0.557299 -0.55889 -0.507528 -0.508704 -0.493161 -0.534415 -0.515691 -0.536286 -0.453826 -0.531365 -0.532961 -0.534193 -0.523486 -0.555362
internal_weight=10172.4 5884.8 4287.56 4342.18 1542.63 1655.13 1559.66 1397.44 2727.9 1090.5 425.978 1637.39 2687.05 1026.32 1206.74 1134.15 757.891 750.422 456.089 971.464 383.03 570.227 383.731 563.692 145.183 2396.92 2285.34 2228.86 703.973 222.909
internal_count=43581 25212 18369 18603 6609 7091 6682 5987 11687 4672 1825 7015 11512 4397 5170 4859 3247 3215 1954 4162 1641 2443 1644 2415 622 10269 9791 9549 3016 955
is_linear=0
shrinkage=1


Tree=1
num_leaves=31
num_cat=0
split_feature=11 6 1 0 13 6 4 17 1 11 1 20 7 14 7 18 17 18 5 10 19 11 19 21 13 20 14 21 3 7
split_gain=317.432 115.89 75.2579 71.423 54.1544 45.7733 35.0259 39.3291 30.3869 29.1842 28.8283 27.7991 24.2829 26.2946 23.4144 22.9462 20.9061 20.5465 23.0116 20.1626 19.9717 19.8803 19.8353 19.7508 18.8346 18.6825 18.4867 18.2826 18.165 17.0772
threshold=-0.12259684476862574 -1.0436604222121089 -0.31787374405544555 -0.60125549613097573 -0.14763423713732834 -1.0643647422472353 0.35053357883635716 -0.48363874128411577 0.81491472374375451 3.0003001469823904 -0.74886151015134728 0.62500000000000011 0.47764412166519238 1.3106737695309292 -2.5206805343813081 4.0628122328657161 5.3862475731950417 2.4052476764898478 2.8948312234542981 3.2643573878649801 -0.34820633535301709 -0.45591773801612595 0.74314829103997437 -1.0000000180025095e-35 1.156437063448511 -0.29166666666666657 0.35857821655414363 -0.37499999999999994 -0.51785697663935271 1.0775344150500328
decision_type=2 2 2 2 2 2 2 2 2 2 2 2 2 2 2 2 2 2 2 2 2 2 2 2 2 2 2 2 2 2
left_child=2 4 6 8 11 -4 7 28 26 16 -9 14 13 -7 -2 21 19 22 -19 -5 -20 -8 -16 -23 29 -14 -3 -21 -1 -12
right_child=1 3 5 9 -6 12 15 10 -10 -11 24 -13 25 -15 17 -17 -18 18 20 27 -22 23 -24 -25 -26 -27 -28 -29 -30 -31
leaf_value=0.075127011062283686 0.12064222479078708 0.02295205520619879 0.036525776624709606 -0.00093315447318084754 -0.017852331325238377 -0.01583108859498757 -0.034260994002200278 -0.063062706942378088 0.036784568082308899 0.027288004749175598 -0.035486528001457886 0.011008616086125583 -0.014593383442909412 0.025408138307748396 0.056057204983244568 -0.065595967637428518 -0.070687325179452878 -0.064515134060014662 0.0891445796815898 -0.020074786353843563 -0.00041423340760352696 0.044477999173658904 -0.011166157294920433 -0.0030584257691423861 0.043149818292414842 0.025809340896331162 -0.0035170702294488056 0.07440133628624096 -0.013012742952204897 0.046661030811068434
leaf_weight=14.373997926712034 28.799419283866882 402.0944095402956 147.57627728581429 3353.4328213185072 99.954301029443741 1582.4057461023331 72.230382710695267 250.5310914516449 578.80547170341015 255.69746947288513 1095.6060058027506 137.16375595331192 114.46121406555176 104.27575486898422 558.7642894089222 34.197752729058266 25.872367218136787 18.995749413967133 24.022087782621384 18.074617594480515 42.537314713001251 83.493360698223114 28.882471591234207 163.14380367100239 19.356845334172249 198.00406409800053 288.83714224398136 41.32451905310154 371.55273108184338 15.328441068530081
leaf_count=61 122 1711 634 14359 427 6808 312 1083 2460 1091 4727 583 492 446 2375 149 111 81 102 77 181 356 123 701 83 851 1233 176 1600 66
internal_value=-0.000222419 0.0117912 -0.0168462 0.00690843 0.0375469 -0.0062752 -0.027536 -0.0321315 0.0232676 0.00127695 -0.0384411 0.0441759 -0.00946077 -0.0132582 0.0506095 -0.00447515 -0.000662552 0.0473864 0.0104128 -0.000103527 0.0327378 0.00226377 0.0527168 0.013123 -0.0329119 0.0109717 0.0118826 0.0456268 -0.00947624 -0.0342932
internal_weight=10169.8 5903.26 4266.54 4964.14 939.119 2146.72 2119.81 1766.75 1269.74 3694.4 1380.82 839.165 1999.15 1686.68 702.001 353.065 3438.7 673.202 85.5552 3412.83 66.5594 318.868 587.647 246.637 1130.29 312.465 690.932 59.3991 385.927 1110.93
internal_count=43581 25212 18369 21218 3994 9231 9138 7620 5404 15814 5959 3567 8597 7254 2984 1518 14723 2862 364 14612 283 1369 2498 1057 4876 1343 2944 253 1661 4793
is_linear=0
shrinkage=0.08


Tree=2
num_leaves=31
num_cat=0
split_feature=1 6 1 0 6 7 1 5 13 13 10 6 0 18 10 7 7 9 13 6 8 7 18 5 5 9 10 1 5 5
split_gain=264.094 75.3095 72.9291 35.7812 34.7208 31.2965 31.1858 34.8729 24.394 23.3895 21.5283 21.4739 21.2299 19.2442 17.4368 20.8788 16.8019 16.6014 15.5505 15.4956 17.5509 15.3925 15.2258 17.038 14.3438 14.2593 13.8646 13.7459 12.9402 14.1051
threshold=0.19451510179972489 -1.1728930219794329 -0.35664579568988636 -0.61445547079252827 -1.0436604222121089 0.48869730784615067 -0.74886151015134728 -0.44459350974674988 -0.25456142633162615 -0.074399361601481945 1.2922283104615044 -1.0436604222121089 -0.20629676731689153 -0.51874394531464263 -0.17069708399808514 0.63850941275710527 -2.5206805343813081 3.6907509421572287 -2.4516281266886191 0.49875096598162089 -0.98967945822826631 -0.61370728641510286 -0.48288574988699073 -0.49881368468539417 -0.51622989958304422 0.029548080707682195 -0.25741976703784797 0.41183105666205838 3.2194702797735171 3.072152684586039
decision_type=2 2 2 2 2 2 2 2 2 2 2 2 2 2 2 2 2 2 2 2 2 2 2 2 2 2 2 2 2 2
left_child=2 8 6 10 17 13 7 -1 12 14 18 -8 16 -6 25 -16 -2 -4 -3 20 -15 -21 23 -11 -20 -7 -24 -10 29 -5
right_child=1 3 4 28 5 9 11 -9 27 22 -12 -13 -14 19 15 -17 -18 -19 24 21 -22 -23 26 -25 -26 -27 -28 -29 -30 -31
leaf_value=0.013657584657778063 0.14661121836352575 0.042966500258425196 0.029736425359509711 0.0049190714676513141 0.041698006701182608 0.05229225691911097 0.025014354625721994 -0.056371708189130364 0.071061024705456943 0.016353006371942615 0.043964171412012976 -0.018934463518809407 0.031629973791403809 0.011041830725046706 -0.0019024680500749022 0.069782698394396922 0.05698939482639942 -0.046808824713921525 0.053118228296505365 -0.034066273650682627 -0.016854972451126739 0.0087556302860741439 -0.026195699738539916 0.12788776127110174 0.010526168608671251 -0.020391973101862949 0.0027805052449216307 -0.010909156573297345 -0.021983314785940417 0.079338849787646187
leaf_weight=54.19393390417099 13.783946156501768 123.50506603717804 252.66741991043091 1970.21203738451 43.529802337288857 23.607521042227745 72.22960202395916 262.34748069941998 14.332859382033346 112.52620375156403 215.30849526822567 2266.8859041929245 330.40744167566299 156.57212446630001 35.761390700936317 90.483199775218964 253.14939492940903 18.353538349270821 52.618197083473206 61.737831369042397 1676.5491021126509 364.40043960511684 151.39838667213917 8.4269312471151334 932.00224316120148 55.61104828119278 341.25870442390442 81.901175111532211 114.33360303938389 15.266773164272307
leaf_count=234 57 522 1070 8429 186 101 308 1153 61 481 909 9801 1394 673 153 386 1064 78 223 265 7214 1563 650 36 3966 238 1462 349 490 65
internal_value=-0.000209696 0.0154163 -0.0108482 0.0105333 -0.00307013 -0.0054607 -0.020775 -0.0443382 0.0394401 0.00795351 0.0208318 -0.0175601 0.0454518 -0.0102388 0.0312312 0.0495555 0.0622975 0.0243252 0.0162837 -0.0112664 -0.01446 0.00244538 9.38806e-05 0.025402 0.0128764 0.00157615 -0.00614188 0.00190095 0.00402861 0.00554492
internal_weight=10165.4 4116.82 6048.54 3423.25 3392.88 3121.86 2655.66 316.541 693.575 819.073 1323.43 2339.12 597.341 2302.79 205.463 126.245 266.933 271.021 1108.13 2259.26 1833.12 426.138 613.61 120.953 984.62 79.2186 492.657 96.234 2099.81 1985.48
internal_count=43581 17529 26052 14604 14556 13408 11496 1387 2925 3507 5620 10109 2515 9901 878 539 1121 1148 4711 9715 7887 1828 2629 517 4189 339 2112 410 8984 8494
is_linear=0
shrinkage=0.08


Tree=3
num_leaves=31
num_cat=0
split_feature=11 6 1 0 19 6 13 11 11 1 9 15 6 7 14 19 13 17 10 15 6 8 5 5 5 10 19 18 7 7
split_gain=241.716 79.9127 54.702 52.79 43.9745 33.2931 30.1213 27.9532 27.8196 26.8732 23.8005 22.3028 22.1687 19.198 21.9254 18.6969 17.8863 17.4322 17.3005 20.7845 19.4328 18.474 16.6415 18.9941 18.3151 16.2442 25.0096 16.1574 16.0179 17.9299
threshold=-0.12259684476862574 -1.0436604222121089 -0.31787374405544555 -0.40512584177588989 0.62319473407953396 -1.0643647422472353 1.156437063448511 -0.68135041880528091 3.0003001469823904 0.85124049065753504 -0.32464401481790789 -0.16795607541942253 -3.7713302551338215 0.47764412166519238 1.3106737695309292 -0.073371697960793639 0.011768289319036413 5.3862475731950417 1.8012418247187518 -0.86414102097096923 -2.0751676482895727 -1.3368829431942808 0.3601391867928378 0.42911608002957924 0.25238872317551192 0.83941747363444719 0.042773874814783057 -0.36089883958812369 -1.3443614310340515 -0.46844279843611486
decision_type=2 2 2 2 2 2 2 2 2 2 2 2 2 2 2 2 2 2 2 2 2 2 2 2 2 2 2 2 2 2
left_child=2 4 6 9 12 25 7 11 17 16 15 -1 -2 14 -7 -9 -3 -5 20 -20 -14 -22 24 -24 -12 26 -4 -18 -23 -30
right_child=1 3 5 8 -6 13 -8 10 -10 -11 22 -13 18 -15 -16 -17 27 -19 19 -21 21 28 23 -25 -26 -27 -28 -29 29 -31
leaf_value=0.0043038197786773721 0.095829318703750915 0.023536989550882455 0.077329035434316046 -0.0011035722996176065 -0.013044901257569476 -0.014311467957775372 0.019668532493514079 -0.029221253998736842 0.026542611207285974 0.031463219139822036 -0.025611237742781703 -0.0719282592712749 0.067840799980296365 0.0095701621524617326 0.023239696038347708 0.068338091483922989 0.018279661369207331 -0.06963791576596666 0.050339583174453674 -0.01313615652189141 0.11341824121133451 -0.0030393698871395841 0.047758547376712118 -0.014619424965808344 -0.061219855442299347 -0.011111460211057852 -0.0010187446847601909 -0.0079012573768242021 0.054693003371379438 0.021278574111979323
leaf_weight=29.592553749680519 39.85435451567173 392.84136554598808 65.382866725325584 3078.628698438406 122.89194241166115 1573.7622203230858 95.329293206334114 19.618268862366676 240.46750819683075 596.91638174653053 1423.8055390864611 132.06807366013527 133.11185124516487 313.7774368673563 104.93186183273792 30.785897105932236 239.46271263062954 22.746668934822083 49.984630733728409 91.564788326621056 16.846276313066483 77.165279060602188 35.017614766955376 224.83960124850273 99.11031199991703 42.432336777448654 42.318090319633484 402.68706648051739 189.26661859452724 232.68069140613079
leaf_count=131 165 1665 276 13193 522 6808 410 85 1018 2505 6234 584 554 1343 446 133 1016 100 208 382 70 324 151 975 435 179 179 1721 793 976
internal_value=-0.000191278 0.0102344 -0.0147919 0.00616073 0.0314402 -0.00579695 -0.0239982 -0.0261016 0.000396069 0.0179494 -0.0232485 -0.0579711 0.0380467 -0.00854462 -0.0119422 0.0303371 0.0101164 -0.00163684 0.034978 0.00942939 0.0405035 0.0332866 -0.0247896 -0.00598669 -0.0279829 0.0303676 0.0467623 0.00185905 0.0302924 0.0364077
internal_weight=10159.9 5927.12 4232.77 4973.75 953.366 2142.6 2090.17 1994.84 3341.84 1631.91 1833.18 161.661 830.474 1992.47 1678.69 50.4042 1034.99 3101.38 790.62 141.549 649.071 515.959 1782.77 259.857 1522.92 150.133 107.701 642.15 499.113 421.947
internal_count=43581 25212 18369 21218 3994 9231 9138 8728 14311 6907 8013 715 3472 8597 7254 218 4402 13293 3307 590 2717 2163 7795 1126 6669 634 455 2737 2093 1769
is_linear=0
shrinkage=0.08


Tree=4
num_leaves=31
num_cat=0
split_feature=11 6 1 0 13 6 11 11 14 1 20 5 15 11 18 5 5 4 15 14 20 6 21 13 20 11 17 18 20 5
split_gain=205.172 67.2096 47.0238 44.4581 37.4931 28.1052 27.3133 23.4246 22.5559 22.4575 22.4315 19.8264 19.7029 22.289 18.8593 17.6247 17.3769 16.5425 16.1945 15.7195 17.2299 15.6975 16.5252 15.6543 19.6134 15.5186 15.2261 15.0583 20.6762 16.9141
threshold=-0.12259684476862574 -1.0436604222121089 -0.31787374405544555 -0.40512584177588989 -0.14763423713732834 -1.0643647422472353 -0.57503612282963845 3.0003001469823904 -0.1192626015025549 0.85124049065753504 0.62500000000000011 0.48703111426497148 0.37460009910063136 1.2573828850516435 2.4052476764898478 -0.52579017868832734 2.3166888318048655 5.4103368231398372 -0.80243828085100544 18.095209209450541 -0.62499999999999989 -0.31375708145330261 -1.0000000180025095e-35 -0.40906255960227494 0.20833333333333334 3.3424313109544754 -0.52421249526975811 -0.50884499891378332 0.29166666666666669 -0.052562762663820685
decision_type=2 2 2 2 2 2 2 2 2 2 2 2 2 2 2 2 2 2 2 2 2 2 2 2 2 2 2 2 2 2
left_child=2 4 6 9 10 -4 15 17 -8 16 12 18 -2 -14 -15 -1 23 26 -10 -9 -21 22 -20 -3 -25 -12 -5 28 -7 -29
right_child=1 3 5 7 -6 27 8 19 11 -11 25 -13 13 14 -16 -17 -18 -19 21 20 -22 -23 -24 24 -26 -27 -28 29 -30 -31
leaf_value=0.060882612608619928 0.052104214613371169 0.036276565997846941 0.027769560861581395 0.053423108104173604 -0.017387108417392275 0.053941613449880313 -0.028206825059029418 0.03090980133901609 0.033133592213460565 0.028754658455904931 -0.0059276901712214253 0.023008148682098155 0.0084166354993844214 0.068726953278762673 -0.00063336440055979202 -0.040092476213204921 -0.017829217777999354 -0.06681858212368269 -0.037668531572342706 0.077253739309660355 -0.074871393308385423 -0.01920101629104868 0.054146640479312842 -0.00090683423376277078 0.026279202009227631 0.070422968931966048 -0.0015674418258887985 -0.018102916342465768 -0.025704403332518614 -0.0028358069826741245
leaf_weight=10.187846720218657 389.01108400523663 155.31636215746403 151.0847333073616 31.36199089884758 99.762013360857964 54.792488574981689 649.93142831325531 219.11467717587948 44.517959579825401 600.83157987892628 120.900789052248 109.98124012351036 200.82423204183578 96.424808084964752 33.277976498007774 517.46440297365189 130.71749466657639 23.430533438920975 17.368895515799522 5.2431194484233883 17.56985130906105 687.7259805649519 37.630995884537697 494.51840400695801 256.79201744496822 18.580445572733879 3045.2121905684471 812.88284946978092 32.097546294331551 1087.8033046722412
leaf_count=44 1610 653 634 134 427 235 2861 922 195 2505 506 474 837 398 139 2306 556 104 76 22 74 3018 164 2102 1091 77 13055 3527 138 4697
internal_value=-0.000177869 0.00939949 -0.0136788 0.00565884 0.0287854 -0.00534248 -0.0222579 0.000361644 -0.0168607 0.0164498 0.0341783 -0.00860183 0.0398642 0.0252858 0.0509968 -0.0379864 0.00928625 -0.00150951 -0.0130614 0.0242766 -0.0372953 -0.0158954 0.0247528 0.0132274 0.00839628 0.00467171 -0.000982369 -0.00788075 0.0244345 -0.00937884
internal_weight=10152.4 5938.89 4213.47 4980.11 958.781 2138.66 2074.81 3341.93 1547.16 1638.18 859.019 897.225 719.538 330.527 129.703 527.652 1037.34 3100 787.244 241.928 22.813 742.726 54.9999 906.627 751.31 139.481 3076.57 1987.58 86.89 1900.69
internal_count=43581 25212 18369 21218 3994 9231 9138 14311 6788 6907 3567 3927 2984 1374 537 2350 4402 13293 3453 1018 96 3258 240 3846 3193 583 13189 8597 373 8224
is_linear=0
shrinkage=0.08


Tree=5
num_leaves=31
num_cat=0
split_feature=11 6 11 10 0 19 17 13 11 6 6 13 7 20 4 16 20 8 7 11 9 15 6 14 9 0 14 6 21 7
split_gain=174.19 75.975 39.8258 33.8592 30.4141 30.1785 30.0082 27.9876 26.4772 26.0577 25.004 24.7173 23.9984 35.8714 22.568 22.2761 22.0548 24.5112 20.2864 33.1224 20.981 19.8966 19.1806 35.5593 19.3781 18.9737 18.4828 18.0162 17.735 17.6231
threshold=-0.11094854368533134 -1.2032014115077085 -0.68135041880528091 1.8012418247187518 -1.0195553245892055 -0.55471632876289578 -0.51729896048576329 -0.14763423713732834 3.0003001469823904 0.12180966671662329 2.0115676027675407 3.6785604694544349 0.48869730784615067 -0.37499999999999994 -0.04092852004389879 -0.36473236143353654 -0.62499999999999989 0.18887157444800121 -0.25200312356210669 -0.36018768896772474 -0.30891812295873877 0.0044259689504692204 2.736893213218083 0.45497279144538044 0.79840836715463104 0.36634514732129619 -0.24274321488081199 -0.69765769667343458 0.37500000000000006 -2.5206805343813081
decision_type=2 2 2 2 2 2 2 2 2 2 2 2 2 2 2 2 2 2 2 2 2 2 2 2 2 2 2 2 2 2
left_child=2 7 9 5 -4 28 -6 26 10 -1 15 12 18 -14 22 16 -7 -18 20 -20 21 -8 23 25 -24 -5 29 -23 -3 -2
right_child=1 3 4 14 6 8 11 -9 -10 -11 -12 -13 13 -15 -16 -17 17 -19 19 -21 -22 27 24 -25 -26 -27 -28 -29 -30 -31
leaf_value=-0.061982301688944003 0.088541527791285116 0.010177360762198618 0.015181045749354532 0.048531579717069326 0.045361863875702499 -0.012779488420121853 0.08680039949469151 -0.016417813474832153 0.024393345282992036 0.01322752427230877 -0.038382286595880173 0.042784884572687178 -0.029268263704809422 0.018602092826908018 0.0084521987376864234 -0.0058169421221433435 -0.00039253976202398055 0.024553349976018841 -0.030459112623171893 -0.0084165516340874089 -0.011695991086176147 0.13368457446178386 -0.026969485660326864 0.090581078998301659 0.095524436047894137 -0.020911293586328043 0.16107819307927873 -0.011594892853962204 0.036960962632086515 0.032383808348123364
leaf_weight=155.38368774950504 37.453885957598686 710.41484698653221 271.59000450372696 62.935778573155403 55.375609278678894 265.99244083464146 25.314772099256516 67.833300441503525 262.73490832746029 35.550374940037727 114.98359839618206 48.369755402207375 146.76385323703289 308.77585607767105 254.86005069315434 2035.8303093016148 466.41932205855846 544.89633367955685 1137.2549633234739 712.1936212927103 1349.2727087438107 4.8699941635131827 39.537813037633896 89.467925101518631 9.1646270602941495 40.27816016972065 6.5553015470504752 53.151771023869514 203.88599766790867 658.54581402242184
leaf_count=706 152 2996 1166 264 235 1134 111 292 1098 159 490 205 638 1332 1075 8715 1987 2325 5038 3100 5895 21 165 376 38 171 27 231 862 2718
internal_value=-6.84624e-05 0.0088908 -0.0122935 0.00534789 -0.0106231 0.0032022 -0.0124548 0.032291 -1.95207e-05 -0.0479212 -0.00190193 -0.0133178 -0.0140605 0.00311677 0.0251801 -0.000618807 0.00765451 0.0130496 -0.0164486 -0.0219883 -0.00927624 0.029369 0.0426633 0.0539403 -0.00193583 0.0213884 0.037031 0.0028581 0.0162037 0.0355702
internal_weight=10175.7 5871.79 4303.87 5101.4 4112.93 4605.16 3841.34 770.388 3690.86 190.934 3428.12 3785.97 3737.6 455.54 496.244 3313.14 1277.31 1011.32 3282.06 1849.45 1432.61 83.3365 241.384 192.682 48.7024 103.214 702.555 58.0218 914.301 696
internal_count=43722 24885 18837 21696 17972 19607 16806 3189 15749 865 14651 16571 16366 1970 2089 14161 5446 4312 14396 8138 6258 363 1014 811 203 435 2897 252 3858 2870
is_linear=0
shrinkage=0.08


Tree=6
num_leaves=31
num_cat=0
split_feature=11 6 11 1 0 17 18 14 8 13 6 5 18 13 20 7 9 5 7 19 21 14 6 0 21 18 9 5 21 7
split_gain=147.798 64.0073 34.6996 31.6019 25.8212 25.3639 24.9594 25.2941 26.58 23.5542 22.9087 22.8983 22.3642 28.2018 23.7503 35.8364 26.8511 23.9579 21.3847 21.1594 24.7952 25.3356 19.294 18.5841 18.0565 17.5384 27.1827 19.2728 17.2209 17.1942
threshold=-0.11094854368533134 -1.2032014115077085 -0.68135041880528091 0.60534494855126786 -1.0195553245892055 -0.51729896048576329 -0.3576587485636335 -0.49152793163822689 1.2850497415049398 -0.14763423713732834 0.12180966671662329 -0.36609654877145459 4.0628122328657161 3.2260698087625381 -0.37499999999999994 0.48869730784615067 0.37592886491556782 3.9777691939012896 -2.2039306800116667 -0.11596814772266818 0.62500000000000011 0.42605302269024009 0.094159290765358214 0.49087606105709297 -1.0000000180025095e-35 2.4052476764898478 5.0803039484012489 2.8948312234542981 -0.37499999999999994 -0.62673279792425018
decision_type=2 2 2 2 2 2 2 2 2 2 2 2 2 2 2 2 2 2 2 2 2 2 2 2 2 2 2 2 2 2
left_child=2 9 10 6 -4 -6 7 -3 -9 25 29 -8 13 14 16 17 -7 -16 -5 20 -13 -22 -15 -20 28 26 -2 -27 -18 -1
right_child=1 3 4 18 5 12 11 8 -10 -11 -12 19 -14 22 15 -17 24 -19 23 -21 21 -23 -24 -25 -26 27 -28 -29 -30 -31
leaf_value=0.0073233476244114575 0.033468427831286868 0.088880694134823648 0.013915882001903664 -0.032335422284456447 0.041376951373640267 -0.026943502465816418 -0.065677197229104034 0.0048926655881180638 0.060966672090094001 -0.015195704944429749 0.012151838917545231 0.00078462337377197368 -0.058843055396589364 -0.071621636196857866 -0.012040696494334485 0.017754350973758298 0.0073292061870669448 0.1180994616588565 0.022552151525475655 -0.011003889506755727 0.078113826089273558 -0.0067484610254312403 0.060141840069905812 0.005540880852110912 -0.017465742850870068 -0.080560102741020947 0.095501841017039721 0.017440281410637002 0.080728073159425956 -0.069181869861807271
leaf_weight=21.35054187476635 574.65659338235855 23.64571039378643 272.64210249483585 61.223655015230179 55.942365974187851 1003.1659041941166 38.16046042740345 1256.1354771107435 55.417642951011658 67.535015508532524 35.701164036989212 734.46496929228306 63.942341148853302 7.106107383966445 2124.4668552279472 305.41167563199997 68.647061958909035 7.8850105851888648 969.45057663321495 1157.5097502470016 55.49163231253624 36.647080659866333 51.694337546825409 718.42753288149834 109.41596469283104 14.538421630859373 48.686999842524529 68.573125228285789 28.382970869541168 130.63274089992046
leaf_count=97 2355 99 1166 258 235 4439 164 5345 235 292 159 3130 285 30 9362 1311 296 34 4044 4974 236 157 217 3054 475 61 198 283 122 609
internal_value=-6.15634e-05 0.00817162 -0.0113587 0.00491599 -0.00980674 -0.0115042 0.000368785 0.0088565 0.00732469 0.0295951 -0.0449104 -0.0052312 -0.0123049 -0.01148 -0.0123738 -0.00781229 -0.0215401 -0.0114877 0.0136314 -0.0040236 0.00573833 0.0445795 0.0429041 0.0153277 0.00466231 0.0339124 0.038507 -0.000462878 0.0296457 -0.0583829
internal_weight=10167 5880.56 4286.39 5106.57 4098.7 3826.06 3357.47 1335.2 1311.55 773.99 187.684 2022.27 3770.12 3706.18 3647.38 2437.76 1209.61 2132.35 1749.1 1984.11 826.604 92.1387 58.8004 1687.88 206.446 706.455 623.344 83.1115 97.03 151.983
internal_count=43722 24885 18837 21696 17972 16806 14340 5679 5580 3189 865 8661 16571 16286 16039 10707 5332 9396 7356 8497 3523 393 247 7098 893 2897 2553 344 418 706
is_linear=0
shrinkage=0.08


Tree=7
num_leaves=31
num_cat=0
split_feature=11 13 11 10 6 19 7 6 15 6 10 20 10 3 3 11 19 6 9 18 3 7 11 10 13 9 18 11 7 10
split_gain=127.987 49.4619 44.4591 35.3759 30.2066 32.3528 29.9831 30.7823 27.1577 27.1459 26.151 31.5228 24.3684 29.4113 23.1542 22.7621 22.7519 22.6693 22.5903 21.724 29.7277 21.4229 21.1049 22.3267 21.8701 23.7072 24.8049 20.7906 21.2373 31.662
threshold=0.2561452641562092 -0.11091032994879745 -0.45591773801612595 2.0258167281699073 -1.0643647422472353 -0.42012047895817867 -0.45088095905939779 0.013812486403736857 0.25833003622054651 3.5861693211649857 -0.22417602420023675 0.45833333333333343 2.0258167281699073 -0.51002585816915202 -0.51785697663935271 5.2077060919146065 0.32637904179867655 -0.46838410475044784 3.5567908081236381 -0.41630256183610631 -0.40559002395397803 -2.2039306800116667 -0.6152363686732244 0.95824373983641553 0.40980264560209584 -0.29624410839758342 -0.45973021442650136 0.099668839293122882 -0.68036545372093593 0.85753951926100636
decision_type=2 2 2 2 2 2 2 2 2 2 2 2 2 2 2 2 2 2 2 2 2 2 2 2 2 2 2 2 2 2
left_child=2 10 6 15 5 27 8 14 -1 -5 18 -12 13 -7 -8 19 -15 -13 -2 21 -21 -3 23 -9 25 -24 -27 28 -4 -30
right_child=1 3 4 9 -6 12 7 22 -10 -11 11 17 -14 16 -16 -17 -18 -19 -20 20 -22 -23 24 -25 -26 26 -28 -29 29 -31
leaf_value=0.02216175913215971 0.0076383819284067383 -0.061634126981234896 0.094285743183456075 0.041769654235557639 -0.0052856724971628343 0.15969048454096535 0.090674417429232532 -0.040859238418823808 -0.028104431281602713 -0.028564444717774924 0.036401616573363389 0.022729710438700597 -0.084608446061454817 0.020106534841108432 -0.038898098611146938 0.037433696859714205 -0.03111256180027373 -0.023234403072399035 -0.088501017675040553 -0.059855373299312675 -0.0039862709535093931 0.014500657069561933 -0.020815930022281891 0.087781871976732942 -0.029565736465716381 0.12035231008064637 0.017927564011656752 -0.013756419062024763 0.084627529768527956 -0.031948749960930244
leaf_weight=187.01631666719913 304.69073571264744 23.41368842124939 61.298129081726074 233.57417960464954 4371.0713741034269 6.6701053977012625 7.8015475720167151 169.35449381172657 107.13921503722668 40.215822920203209 851.85334846377373 186.77955757081509 18.65344874560833 160.27505838871002 613.11885964870453 102.18034543097019 83.331579610705376 106.88156700134277 15.278518751263617 62.714778870344162 1346.0169031769037 591.98867410421371 99.832641988992691 7.9349862039089194 123.44111210107803 15.540415838360785 173.61995021998882 28.094429492950439 28.190766751766205 29.117011725902557
leaf_count=825 1284 101 253 975 18932 28 32 774 474 167 3529 772 78 667 2786 423 351 450 64 267 5755 2505 443 36 551 69 779 115 116 121
internal_value=-5.84405e-05 0.011395 -0.00709834 0.00431344 -0.0033226 0.0172494 -0.0190886 -0.0246515 0.00377305 0.0313154 0.0229717 0.0286157 0.000672718 0.00744996 -0.037079 0.000815259 0.00247015 0.00593334 0.00269685 -0.00104844 -0.00653082 0.0114702 -0.0114976 -0.0344829 -0.00151668 0.0104956 0.0271109 0.0473046 0.0618614 0.0257517
internal_weight=10157.1 3865.59 6291.5 2400.1 4786.7 415.631 1504.8 1210.64 294.156 273.79 1465.48 1145.51 268.93 250.277 620.92 2126.31 243.607 293.661 319.969 2024.13 1408.73 615.402 589.724 177.289 412.434 288.993 189.16 146.7 118.606 57.3078
internal_count=43722 16292 27430 10193 20661 1729 6769 5470 1299 1142 6099 4751 1124 1046 2818 9051 1018 1222 1348 8628 6022 2606 2652 810 1842 1291 848 605 490 237
is_linear=0
shrinkage=0.08


Tree=8
num_leaves=31
num_cat=0
split_feature=11 6 7 1 17 20 5 7 7 19 19 11 15 14 5 5 7 11 9 6 20 18 17 7 17 3 6 5 10 7
split_gain=110.706 51.6043 34.3741 32.8353 27.143 26.8343 25.6343 24.174 24.2726 24.1025 23.8369 21.732 21.339 21.0709 20.9297 20.3797 25.4034 19.0824 18.6506 17.9557 17.5943 17.2855 19.0927 23.6104 19.4839 28.7294 18.2155 17.106 16.3547 16.0171
threshold=-0.24811411882115184 -1.0643647422472353 0.48869730784615067 2.4019125118487894 -0.48508805215945849 0.45833333333333343 -0.51622989958304422 -0.28968678946283583 -0.88210473406185252 0.66449307393099788 -0.6805470402385364 1.1987803501524128 0.43884199601935475 1.3106737695309292 2.3166888318048655 -0.34310652647014533 1.0147900775434138 -0.58802528808871601 -0.23991902553320668 -0.61926635083844739 -0.70833333333333315 4.0628122328657161 0.36161970859838033 -0.52953667467903232 0.22090726590719498 0.2209446649009463 -0.58129451825288858 2.2728893738903544 -0.29097990403139967 -0.17617703959443601
decision_type=2 2 2 2 2 2 2 2 2 2 2 2 2 2 2 2 2 2 2 2 2 2 2 2 2 2 2 2 2 2
left_child=2 9 4 6 5 7 -3 8 -1 -2 19 14 -13 21 18 16 -14 -4 -8 -6 -10 22 24 -24 25 26 -12 -20 -17 -30
right_child=1 3 17 -5 10 -7 11 -9 20 -11 13 12 15 -15 -16 28 -18 -19 27 -21 -22 -23 23 -25 -26 -27 -28 -29 29 -31
leaf_value=-0.01963610617616059 0.026786626188395227 0.024832769774504534 -0.080069456272130218 0.026605822183189302 0.035877323213538641 -0.03009655929765552 -0.011524306183576473 -0.0016222291595377352 -0.002548412465629766 -0.011150846108552116 -0.0047901131040499097 0.0025344551059412607 0.11050326182835972 0.014490935859036094 -0.019123782821747738 0.063178190793752878 -0.0091464860779360765 0.017758983724897093 0.001811834613441499 -0.0087083609946204607 0.079041330080401859 -0.09534846477015034 -0.040854402544784875 0.0078500367526026897 -0.056214640960563021 0.033149379128761793 -0.030683564439306511 0.08530509796023647 -0.022320864235368627 0.022986538622689096
leaf_weight=31.441269710659981 896.73561671376228 279.52121098339558 12.139792650938032 346.93105539679527 67.002978354692459 130.80114935338497 794.62255661189556 281.7191908210516 21.468965247273445 120.55890446901321 208.00057728588581 735.91286236047745 34.740050286054611 92.868937343358994 436.54505135118961 42.932345777750015 16.090248599648476 287.12062606215477 2967.906372115016 377.22418060898781 72.77913036942482 20.715877279639244 86.623916938900948 230.17888800799847 135.04493437707424 52.395657777786255 1111.6070588827133 14.596825078129767 68.657082587480545 173.21101054549217
leaf_count=137 3673 1180 54 1444 290 578 3411 1249 93 511 916 3100 145 397 1884 183 67 1242 12701 1683 315 96 382 1012 609 236 5050 63 291 730
internal_value=-5.66031e-05 0.00563744 -0.0123139 0.00276911 -0.0149627 0.00124015 0.00127545 0.0113892 0.0403871 0.0222711 -0.018628 2.19429e-05 0.0101903 -0.0224588 -0.0025632 0.0268722 0.0730603 0.0134466 -0.000640554 -0.001878 0.0605317 -0.0243338 -0.0234585 -0.00553348 -0.0272112 -0.0243011 -0.0266193 0.00225863 0.0183148 0.0100294
internal_weight=10148.1 6928.96 3219.13 5911.67 2919.87 538.21 5564.74 407.409 125.689 1017.29 2381.66 5285.21 1071.54 1937.44 4213.67 335.631 50.8303 299.26 3777.13 444.227 94.2481 1844.57 1823.85 316.803 1507.05 1372 1319.61 2982.5 284.8 241.868
internal_count=43722 29383 14339 25199 13043 2372 23755 1794 545 4184 10671 22575 4516 8698 18059 1416 212 1296 16175 1973 408 8301 8205 1394 6811 6202 5966 12764 1204 1021
is_linear=0
shrinkage=0.08


Tree=9
num_leaves=31
num_cat=0
split_feature=1 6 1 9 1 4 15 10 13 13 18 1 18 10 6 18 10 4 17 15 9 14 8 10 14 7 20 14 10 6
split_gain=97.8885 41.7604 24.8318 19.2804 18.5626 16.3169 16.2201 25.001 20.0369 18.003 17.7727 17.4324 16.7322 19.0838 15.7984 17.3506 15.7668 14.7741 14.5462 13.961 13.847 15.1403 13.6003 13.5041 13.0329 12.8354 12.7588 13.7434 12.9009 12.8346
threshold=-0.068522238846049202 -1.6509231212063966 -0.74886151015134728 -0.32464401481790789 2.4019125118487894 4.0849275693931846 -5.0581078208770398 1.6989606926571432 -0.36714823996180712 -3.9849028895259644 2.1919556052288427 3.8019872642329999 1.8274703554165395 1.0000000180025095e-35 -1.3082692195532692 -0.51711912822373052 0.15224643026562637 -0.51131723233547333 -0.52421249526975811 -0.44846624417880027 2.5355603857538647 -2.2005860074478742 1.1812543401441646 0.59963344115355166 0.044496173144328653 -2.3355358262511663 -0.79166666666666663 -0.87114850402486554 -0.58451113340457173 -0.2594939851298792
decision_type=2 2 2 2 2 2 2 2 2 2 2 2 2 2 2 2 2 2 2 2 2 2 2 2 2 2 2 2 2 2
left_child=2 6 3 -1 17 14 -2 8 12 10 -9 -11 20 -14 -4 16 18 -3 -16 23 21 -8 26 -17 -24 -6 29 28 -28 -21
right_child=1 4 5 -5 25 -7 7 9 -10 11 -12 -13 13 -15 15 19 -18 -19 -20 22 -22 -23 24 -25 -26 -27 27 -29 -30 -31
leaf_value=0.068327841634152731 0.086710754211363414 0.023084202064882122 0.024580588248801966 -0.035099727821680922 -0.043294379014607268 -0.04419077023824744 0.013590745881732955 0.077246431763657503 -0.0028688607862667487 -0.050535979280202627 -0.054559556924918498 0.066173605115856418 -0.07525126678191224 0.035054899358389062 0.056154353581296668 0.006377916697162353 0.076935296757072419 0.0025196660356380223 -0.028028618477379422 -0.00523144069512367 0.10280601290122857 0.061759471009020316 -0.044688734151890903 -0.018473188163579509 0.023535642617535144 0.024285805694339319 -0.064831852117881963 -0.0075304906217954094 -0.018521353789370976 -0.037214682691541989
leaf_weight=10.858290135860441 29.52972936630249 234.48855696618557 100.94534224271774 286.57368764281273 17.649908781051636 73.707395359873772 64.086167886853218 21.51331859827042 66.627232596278191 55.66767692565918 8.1044050157070142 8.4254705309867841 13.293671756982802 31.431512504816055 19.719685599207878 666.05729961395264 27.514353260397911 4444.7140222638845 34.042143151164055 126.22554051876068 32.755763053894043 127.52215392887592 19.733743458986282 175.81515292823315 122.21425457298756 394.87238076329231 44.257281243801117 2374.1563152521849 279.86593522131443 226.36949878931046
leaf_count=47 119 985 417 1350 74 331 261 87 279 227 33 34 55 128 82 2910 116 18915 144 558 132 517 86 764 528 1636 196 10480 1222 1009
internal_value=-5.62554e-05 0.00708857 -0.00870235 -0.0310243 0.00499865 -0.00714393 0.0301748 0.0260285 0.0362066 -0.0103048 0.0400704 -0.0340757 0.045896 0.000897704 -0.00648115 -0.00725281 0.0290519 0.00355843 0.00318299 -0.00799553 0.0547603 0.0458958 -0.0104116 0.00115492 0.0136721 0.0212482 -0.011541 -0.00965534 -0.0250975 -0.0258555
internal_weight=10138.7 5550.68 4588.06 297.432 5091.72 4290.62 458.957 429.427 335.717 93.7109 29.6177 64.0931 269.089 44.7252 4216.92 4115.97 81.2762 4679.2 53.7618 4034.7 224.364 191.608 3192.82 841.872 141.948 412.522 3050.87 2698.28 324.123 352.595
internal_count=43722 23482 20240 1397 21610 18843 1872 1753 1372 381 120 261 1093 183 18512 18095 342 19900 226 17753 910 778 14079 3674 614 1710 13465 11898 1418 1567
is_linear=0
shrinkage=0.08


Tree=10
num_leaves=31
num_cat=0
split_feature=1 11 11 8 18 6 5 20 19 7 15 8 11 19 7 7 19 3 8 3 13 7 5 14 13 1 7 11 7 17
split_gain=106.538 33.1309 31.9289 31.314 20.4544 20.1099 20.2115 19.9517 24.7142 18.948 26.3555 16.9823 14.9329 19.3725 17.0481 14.7034 16.8984 18.5374 14.2799 13.891 13.7075 15.3753 20.7757 14.4615 16.6831 16.7445 15.7711 20.4011 14.0355 13.667
threshold=-0.062007403845736532 1.1987803501524128 -0.58139114513753698 -1.265606023948014 4.0628122328657161 -1.0014161375214325 -0.51569776560794311 0.54166666666666685 0.11204971931743513 -0.31316214196595665 -0.0087081176020636034 1.1812543401441646 5.2077060919146065 0.7632546164060956 2.6031641473252702 2.9430908095342758 -0.27979458238891602 -0.39908386073129964 -1.2970845617591791 -0.51785697663935271 -1.3269104056383856 0.93215413237182843 1.6382462788353229 -0.14330459095388923 -0.13447229395750576 3.5112080062915938 -0.36267668043875467 0.66732686570714073 1.1517809674298645 2.2481684419976795
decision_type=2 2 2 2 2 2 2 2 2 2 2 2 2 2 2 2 2 2 2 2 2 2 2 2 2 2 2 2 2 2
left_child=2 5 9 -3 11 7 -7 8 -2 10 -1 18 14 -14 -5 -16 -17 -18 -4 -11 21 -8 28 26 -25 29 27 -22 -23 -26
right_child=1 3 4 12 -6 6 20 -9 -10 19 -12 -13 13 -15 15 16 17 -19 -20 -21 23 22 -24 24 25 -27 -28 -29 -30 -31
leaf_value=0.058097203064441202 0.034832773416293941 0.08601702204794559 0.028300607084341026 0.014975812056783866 -0.040869724975424973 0.025323409843256865 0.007790207586523123 -0.011514346837839404 -0.005168371540686687 0.090370699581903066 -0.024325993773943094 0.021191969279658013 0.046259324622451255 -0.01833824976322353 -0.049940964479845605 0.074891379265085739 0.095290125654584376 -0.052911803819572598 -0.0072110329058659387 -0.036086374736532721 -0.0061054437160435763 0.082766865401781894 0.12403149024876728 0.024821527506243318 -0.00043519350212801468 0.057541763793387081 -0.024465373028369281 0.06588994296197434 -0.043413711440581204 -0.026504046926743428
leaf_weight=35.595028728246689 364.91741548478603 40.512120544910431 72.617628857493401 1197.466950327158 106.40522068738937 208.64862063527107 446.41954798996449 125.11582586169243 134.34927818179131 4.4702226221561423 75.072274506092072 145.63612759113312 174.4813965857029 34.786347165703773 49.133214980363846 16.328465357422829 5.6065200269222286 25.045423626899719 3734.5222912579775 431.33468826115131 262.14846535027027 8.0742616057395953 16.60861836373806 167.5797503888607 1707.2704025804996 29.097431197762489 349.21748788654804 26.649844959378242 13.163706913590429 138.1068179756403
leaf_count=162 1491 165 314 4994 487 873 1903 519 563 18 347 625 712 143 206 68 23 105 16383 2040 1132 34 70 714 7314 121 1500 112 55 594
internal_value=0.000102739 0.00757712 -0.00888617 0.0175305 -0.00643373 0.00372707 0.00127944 0.0169024 0.0240582 -0.0270269 0.00241616 -0.00549158 0.0156092 0.035421 0.012365 -0.0198231 0.0118852 -0.0228588 -0.00652183 -0.0345172 -0.000311164 0.0120542 0.0602575 -0.00255435 0.000726796 -0.0014354 -0.0130565 0.000741954 0.00588377 -0.00240862
internal_weight=10146.4 5540.73 4605.65 1543.36 4059.18 3997.37 3372.98 624.383 499.267 546.472 110.667 3952.78 1502.85 209.268 1293.58 96.1136 46.9804 30.6519 3807.14 435.805 3164.34 484.266 37.8466 2680.07 2042.05 1874.47 638.016 288.798 21.238 1845.38
internal_count=43787 23411 20376 6416 17809 16995 14422 2573 2054 2567 509 17322 6251 855 5396 402 196 128 16697 2058 13549 2062 159 11487 8743 8029 2744 1244 89 7908
is_linear=0
shrinkage=0.08


end of trees

feature_importances:
Column_7=36
Column_11=34
Column_6=32
Column_5=22
Column_10=22
Column_13=20
Column_18=20
Column_1=19
Column_14=16
Column_19=16
Column_9=15
Column_20=14
Column_17=13
Column_0=10
Column_15=10
Column_8=9
Column_3=8
Column_21=8
Column_4=5
Column_16=1

parameters:
[boosting: gbdt]
[objective: binary]
[metric: binary_logloss]
[tree_learner: serial]
[device_type: cpu]
[data_sample_strategy: bagging]
[data: ]
[valid: ]
[num_iterations: 400]
[learning_rate: 0.08]
[num_leaves: 31]
[num_threads: 0]
[seed: 42]
[deterministic: 0]
[force_col_wise: 0]
[force_row_wise: 0]
[histogram_pool_size: -1]
[max_depth: 10]
[min_data_in_leaf: 20]
[min_sum_hessian_in_leaf: 0.001]
[bagging_fraction: 0.85]
[pos_bagging_fraction: 1]
[neg_bagging_fraction: 1]
[bagging_freq: 5]
[bagging_seed: 400]
[bagging_by_query: 0]
[feature_fraction: 0.85]
[feature_fraction_bynode: 1]
[feature_fraction_seed: 30056]
[extra_trees: 0]
[extra_seed: 12879]
[early_stopping_round: 0]
[early_stopping_min_delta: 0]
[first_metric_only: 0]
[max_delta_step: 0]
[lambda_l1: 0.15]
[lambda_l2: 1.2]
[linear_lambda: 0]
[min_gain_to_split: 0]
[drop_rate: 0.1]
[max_drop: 50]
[skip_drop: 0.5]
[xgboost_dart_mode: 0]
[uniform_drop: 0]
[drop_seed: 17869]
[top_rate: 0.2]
[other_rate: 0.1]
[min_data_per_group: 100]
[max_cat_threshold: 32]
[cat_l2: 10]
[cat_smooth: 10]
[max_cat_to_onehot: 4]
[top_k: 20]
[monotone_constraints: ]
[monotone_constraints_method: basic]
[monotone_penalty: 0]
[feature_contri: ]
[forcedsplits_filename: ]
[refit_decay_rate: 0.9]
[cegb_tradeoff: 1]
[cegb_penalty_split: 0]
[cegb_penalty_feature_lazy: ]
[cegb_penalty_feature_coupled: ]
[path_smooth: 0]
[interaction_constraints: ]
[verbosity: -1]
[saved_feature_importance_type: 0]
[use_quantized_grad: 0]
[num_grad_quant_bins: 4]
[quant_train_renew_leaf: 0]
[stochastic_rounding: 1]
[linear_tree: 0]
[max_bin: 255]
[max_bin_by_feature: ]
[min_data_in_bin: 3]
[bin_construct_sample_cnt: 200000]
[data_random_seed: 175]
[is_enable_sparse: 1]
[enable_bundle: 1]
[use_missing: 1]
[zero_as_missing: 0]
[feature_pre_filter: 1]
[pre_partition: 0]
[two_round: 0]
[header: 0]
[label_column: ]
[weight_column: ]
[group_column: ]
[ignore_column: ]
[categorical_feature: ]
[forcedbins_filename: ]
[precise_float_parser: 0]
[parser_config_file: ]
[objective_seed: 16083]
[num_class: 1]
[is_unbalance: 0]
[scale_pos_weight: 1]
[sigmoid: 1]
[boost_from_average: 1]
[reg_sqrt: 0]
[alpha: 0.9]
[fair_c: 1]
[poisson_max_delta_step: 0.7]
[tweedie_variance_power: 1.5]
[lambdarank_truncation_level: 30]
[lambdarank_norm: 1]
[label_gain: ]
[lambdarank_position_bias_regularization: 0]
[eval_at: ]
[multi_error_top_k: 1]
[auc_mu_weights: ]
[num_machines: 1]
[local_listen_port: 12400]
[time_out: 120]
[machine_list_filename: ]
[machines: ]
[gpu_platform_id: -1]
[gpu_device_id: -1]
[gpu_use_dp: 0]
[num_gpu: 1]

end of parameters

pandas_categorical:null
