tree
version=v4
num_class=1
num_tree_per_iteration=1
label_index=0
max_feature_idx=22
objective=binary sigmoid:1
feature_names=Column_0 Column_1 Column_2 Column_3 Column_4 Column_5 Column_6 Column_7 Column_8 Column_9 Column_10 Column_11 Column_12 Column_13 Column_14 Column_15 Column_16 Column_17 Column_18 Column_19 Column_20 Column_21 Column_22
feature_infos=[-22.932946448757114:22.220791874256271] [-0.9904557748351287:43.508590510066561] [-1.3005743446860241:75.953207635050646] [-0.73339823141611726:4.6911479126209548] [-0.73079750413133704:4.5981676427860814] [-0.72956654414314448:4.475478188501282] [-8.0587985604470358:10.082956615591252] [-5.7401061351548943:8.1990350562280785] [-1.7993608069937665:1.8436540541183908] [-0.47956520936361408:9.3434866184608634] [-1.1542669361140478:11.421147541377076] [-0.93214144404314248:8.5235415678264737] [-1.2168903267054643:22.704820452913236] [-17.908348454039778:18.437858095452619] [-15.953551587459812:17.530545623951486] [-17.28457433095658:16.918597474972028] [-0.73075452771525662:4.6129246370591428] [-0.72096684561415592:4.657532942120338] [-0.75672957176497835:4.6386548503899441] [-1.9984202528327115:2.0356775388234993] [-1:0.91666666666666663] [-0.75:0.75] [0:1]
tree_sizes=3434 3452 3448 3454 3445 3468 3497 3446 3437

Tree=0
num_leaves=31
num_cat=0
split_feature=9 11 5 9 9 4 14 0 0 9 7 10 12 9 17 8 15 4 3 21 19 7 8 5 18 7 11 6 5 4
split_gain=379.689 121.093 104.166 148.814 56.2508 62.6357 51.793 47.1021 60.4828 43.0751 36.7366 34.1193 31.1319 30.8557 29.6803 27.7512 27.0623 32.2993 25.6579 31.0921 25.292 23.098 22.8938 24.8726 21.9982 20.5394 24.4724 20.0656 24.9452 20.694
threshold=-0.049660290618510031 1.2137623125220582 -0.49775071780289887 -0.41073837913106764 2.0233531828686711 0.52827499510899656 -0.50560670169601807 -0.45404608119191159 0.90792352291367018 -0.33585475003609638 0.73052127115810117 -0.43709311748914881 -0.23660897063792305 0.93415663964371531 2.6570202608419184 -0.53820577440952422 1.7047452960074783 2.6407589172358965 -0.32908412025036871 0.37500000000000006 0.75927609465243207 1.5558416759189913 0.74686685807687225 -0.10760108190581877 1.8700687700262877 3.1050158051565746 -0.65382379540483726 -0.70013642527295561 0.0080171995284000225 0.054479534792725375
decision_type=2 2 2 2 2 2 2 2 2 2 2 2 2 2 2 2 2 2 2 2 2 2 2 2 2 2 2 2 2 2
left_child=2 4 9 -4 5 13 20 -5 10 15 11 18 -13 21 -6 -1 -7 -18 -9 -20 24 22 23 -2 -3 26 -11 -25 -29 -30
right_child=1 6 3 7 14 16 -8 8 -10 25 -12 12 -14 -15 -16 -17 17 -19 19 -21 -22 -23 -24 27 -26 -27 -28 28 29 -31
leaf_value=-0.79045106619532379 -0.78996563905183992 -0.73506273716726434 -0.93775998748820977 -0.83626933318865759 -0.76122271465327296 -0.86045550254008329 -0.80341935048969204 -0.80459206309409537 -0.8176339515465556 -0.87569238824882989 -0.83291637069098823 -0.9141475751735374 -0.87804637478849434 -0.76477893515931716 -0.82185573674020129 -0.85185709977389767 -0.80478036225301475 -0.90916531784356291 -0.84551933055590456 -0.89965290500549955 -0.85905824363484118 -0.7639943918322627 -0.85902341375329183 -0.85412635347126109 -0.84091362512202872 -0.89179270514430309 -0.71161684675275583 -0.87647442886961502 -0.68540287289913571 -0.81174266971003883
leaf_weight=95.582959800958633 201.48214213550091 245.48398926854134 325.48734769225121 441.70275256037712 166.32277145981789 856.45700544118881 597.49876633286476 65.89750312268734 178.74434553086758 9.8951522260904294 157.26975984871387 441.07114709913731 541.28588028252125 95.161889493465424 160.00671684741974 302.11794562637806 185.90254075825214 33.685624599456787 227.58850120007992 199.16625544428825 19.579769298434258 59.370913356542587 186.74468137323856 225.06207935512066 21.053515374660492 8.6319413036107999 56.844491511583328 58.318237587809563 12.211038917303084 326.96109376847744
leaf_count=454 957 1166 1546 2098 790 4068 2838 313 849 47 747 2095 2571 452 760 1435 883 160 1081 946 93 282 887 1069 100 41 270 277 58 1553
internal_value=-0.841068 -0.818355 -0.866764 -0.874679 -0.829368 -0.835041 -0.78645 -0.865497 -0.872634 -0.823702 -0.878685 -0.883582 -0.894363 -0.818985 -0.790668 -0.837015 -0.852418 -0.821238 -0.861948 -0.870947 -0.751463 -0.823923 -0.827572 -0.8204 -0.743427 -0.755161 -0.736466 -0.830381 -0.816887 -0.806471
internal_weight=6502.59 3451.3 3051.29 2578.21 2567.69 2241.36 883.616 2252.73 1811.02 473.072 1632.28 1475.01 982.357 1165.31 326.329 397.701 1076.05 219.588 492.652 426.755 286.117 1070.15 1010.78 824.035 266.538 75.3716 66.7396 622.552 397.49 339.172
internal_count=30886 16393 14493 12246 12196 10646 4197 10700 8602 2247 7753 7006 4666 5535 1550 1889 5111 1043 2340 2027 1359 5083 4801 3914 1266 358 317 2957 1888 1611
is_linear=0
shrinkage=1


Tree=1
num_leaves=31
num_cat=0
split_feature=1 1 1 12 7 0 11 6 8 17 7 8 10 10 21 5 10 11 9 7 1 10 20 8 11 21 20 17 5 13
split_gain=638.428 122.039 77.521 60.9355 30.6633 27.3597 25.7308 23.8445 23.2898 22.2896 20.4653 19.1344 27.3363 18.2214 18.2193 16.676 15.2242 19.9372 15.0887 16.0195 14.8737 14.7071 21.7333 16.2745 14.6988 14.4238 13.9849 13.7191 13.6722 13.0482
threshold=-0.18988819211480909 -0.5452312083836649 0.5743580969143619 0.14196296547196621 -3.3688185279018232 -0.37894983931083681 -0.22876384695276161 0.14755400137370847 1.1150510818959571 -0.67161634336238218 -1.1583227222743882 -0.25870442103603153 0.29548622110306988 -0.43120610636515128 1.0000000180025095e-35 1.3926624592551498 -0.44750917660821843 -0.038899852882138791 0.4613855532009758 -0.52822257214250479 0.2780810343580204 0.31750118466787686 0.45833333333333343 -0.41767108025260274 -0.37943916528470351 -0.62499999999999989 -0.70833333333333315 -0.33288814874419476 0.27931756709896655 1.0244453961866571
decision_type=2 2 2 2 2 2 2 2 2 2 2 2 2 2 2 2 2 2 2 2 2 2 2 2 2 2 2 2 2 2
left_child=1 6 3 8 -4 11 9 -3 10 -1 14 12 26 -5 28 16 -9 27 19 -14 -12 -19 23 -23 -17 -24 -6 -18 -2 -22
right_child=2 7 4 13 5 -7 -8 15 -10 -11 20 -13 18 -15 -16 24 17 21 -20 -21 29 22 25 -25 -26 -27 -28 -29 -30 -31
leaf_value=0.024274403259464394 0.055093184052527722 -0.034087632561461655 0.14302612317385216 -0.029359911108468553 0.094164253060249115 0.026680592790004912 -0.039748883228090233 0.017768265513590193 -0.046951036907169091 -0.08562416514571658 0.018287905574804173 0.035472978345488231 -0.0085895558304666837 0.0016411957319463712 0.02326142992256576 -0.084555413761918816 -0.012576339728169664 -0.032454490019300113 0.11943436315393946 0.092179254839227287 0.057441032016291776 0.10485998867362378 -0.043791568987120326 -0.021819262003506597 0.050035137091184678 0.11642149017970599 0.031525541779510932 -0.062405843990403637 0.14982337556811526 0.006522564068086734
leaf_weight=18.148611962795258 35.081434607505798 1027.0830015987158 27.441602692008018 249.17354574799538 44.20017871260643 914.33547465503216 193.59200882911682 109.55805066227913 40.076759621500969 595.14683577418327 858.98295703530312 369.92434525489807 23.71443510055542 773.40799708664417 53.363523349165916 7.7294778972864142 92.216722443699837 84.139712601900101 112.100485637784 42.411464005708694 208.13274121284485 10.149331912398337 5.8917430341243735 76.222960412502289 67.171422600746155 28.158453807234764 188.14608944952488 144.4376022964716 31.708219200372696 67.98554539680481
leaf_count=86 165 4924 126 1188 208 4289 931 524 189 2903 4066 1735 111 3671 251 37 443 402 522 199 979 48 28 362 318 134 887 693 148 319
internal_value=-0.000178372 -0.0403343 0.0242693 0.012304 0.0403365 0.038537 -0.0721994 -0.0247141 0.0267005 -0.0822882 0.0291212 0.0523231 0.067272 -0.00592529 0.0682839 -0.00925036 -0.0153134 -0.0236054 0.096808 0.0563563 0.0248734 -0.000604267 0.0216111 -0.0051701 0.0344967 0.087459 0.0440547 -0.0432743 0.102662 0.045079
internal_weight=6499.83 2459.65 4040.19 2317.91 1722.27 1694.83 806.887 1652.76 1295.33 613.295 1255.25 780.497 410.573 1022.58 120.153 625.675 550.775 441.217 178.226 66.1259 1135.1 204.562 120.422 86.3723 74.9009 34.0502 232.346 236.654 66.7897 276.118
internal_count=30886 11833 19053 10976 8077 7951 3920 7913 6117 2989 5928 3662 1927 4859 564 2989 2634 2110 832 310 5364 974 572 410 355 162 1095 1136 313 1298
is_linear=0
shrinkage=0.1


Tree=2
num_leaves=31
num_cat=0
split_feature=1 1 1 12 14 9 1 12 1 6 7 21 14 12 20 21 0 16 6 20 21 14 10 2 19 20 17 9 13 3
split_gain=522.435 105.75 61.1738 49.991 25.6594 23.117 22.2984 23.7045 21.7894 20.7016 18.2143 18.1189 15.9712 14.2601 14.1763 14.2759 13.7536 15.1376 13.3645 13.6106 21.8577 12.849 13.4174 12.8001 12.5013 14.3836 12.3933 11.6477 14.5404 13.2882
threshold=-0.18988819211480909 -0.52754246967410479 0.56097796317569826 0.36369901689246553 -2.5190207053544813 1.7066291962453841 3.2376393409626876 -0.16784646455418475 -0.7113066241530811 0.14069526142244279 -1.2525520453961125 1.0000000180025095e-35 7.0095529487626811 -0.31283709718567243 1.0000000180025095e-35 0.37500000000000006 -1.0000000180025095e-35 1.8579677308273903 -0.10017499236334515 0.54166666666666685 0.37500000000000006 3.7467061517131879 -0.4135925780738744 -0.68799402330151394 -0.29767628053374384 0.54166666666666685 -0.090535640234110037 0.53200786344631668 2.1031640886257019 0.31694723419151055
decision_type=2 2 2 2 2 2 2 2 2 2 2 2 2 2 2 2 2 2 2 2 2 2 2 2 2 2 2 2 2 2
left_child=1 5 3 10 14 8 7 12 -1 -3 11 26 -6 -12 15 -4 17 27 -18 -20 -21 22 -11 -5 -10 -26 -2 -9 29 -29
right_child=2 9 4 23 6 -7 -8 16 24 21 13 -13 -14 -15 -16 -17 18 -19 19 20 -22 -23 -24 -25 25 -27 -28 28 -30 -31
leaf_value=-0.096732464370398216 0.030927371668049177 -0.030641945925101746 0.10842383436006774 0.048427404265551095 0.061484253279465655 0.13737632252752041 0.072259618424574373 0.026980752995132154 -0.076978814169521181 0.018407928823436153 0.031268572832710347 0.011979804048512531 -0.049834336158988649 0.010404848889270219 0.038995371718579842 0.024633493768147337 -0.010551051530968227 -0.0092121277894672959 0.01197842775564744 0.095744502466845627 -0.025854732855381091 0.071303500434634723 -0.017741853073563549 -0.013002749492448454 -0.0573677022654141 -0.014081895679611205 0.1229764767578807 0.13754996146339124 0.017561818878741781 0.0577941689682471
leaf_weight=189.73686172068119 24.435941562056541 955.11136201024055 95.047550246119499 34.010591819882393 233.69904357194901 4.189573109149932 119.76327569782734 350.21075597405434 226.46892948448658 130.44367907941341 516.88879387080669 50.050143510103226 12.351833716034887 909.31892913579941 106.70989944040775 27.9275743663311 200.44040568172932 76.983928561210632 302.83506442606449 49.452517300844193 19.737444460391998 18.741538107395172 457.50924263894558 723.75893121957779 332.42965485155582 102.93469896912575 43.914399459958076 28.943404212594032 59.934074506163597 89.768224969506264
leaf_count=962 113 4642 430 162 1077 20 551 1626 1130 621 2417 234 57 4279 486 127 934 357 1411 230 92 87 2202 3451 1657 512 198 132 276 413
internal_value=-0.000184715 -0.037005 0.0216539 0.0108774 0.0356094 -0.0652467 0.0308904 0.0273256 -0.0665068 -0.0214699 0.0211957 0.0587537 0.0555471 0.0180052 0.066841 0.0900819 0.0213524 0.0318562 0.0101471 0.0213501 0.0609611 -0.0069576 -0.00966127 -0.010129 -0.0576124 -0.0472628 0.0917252 0.0378813 0.0587366 0.0788797
internal_weight=6493.75 2417.57 4076.18 2302.38 1773.8 855.76 1544.12 1424.36 851.57 1561.81 1544.61 118.4 246.051 1426.21 229.685 122.975 1178.31 605.84 572.465 372.025 69.19 606.694 587.953 757.77 661.833 435.364 68.3503 528.856 178.646 118.712
internal_count=30886 11833 19053 10854 8199 4281 7156 6605 4261 7552 7241 545 1134 6696 1043 557 5471 2804 2667 1733 322 2910 2823 3613 3299 2169 311 2447 821 545
is_linear=0
shrinkage=0.1


Tree=3
num_leaves=31
num_cat=0
split_feature=1 1 11 6 10 14 13 11 12 18 17 11 19 5 6 13 7 11 8 1 21 21 5 19 9 17 18 5 18 5
split_gain=427.575 91.7104 53.6311 37.5933 31.3555 30.0304 25.1982 22.7612 22.5422 21.1596 19.8407 18.3323 17.9932 18.1041 17.6808 17.5595 17.1931 14.8511 13.8013 13.4165 15.1449 15.0962 21.9829 18.6083 15.1721 14.0569 19.5135 18.0058 19.2714 13.9927
threshold=-0.18988819211480909 -0.5452312083836649 1.2137623125220582 3.4854518890928623 -0.24796042495229423 -0.52258446248495805 -1.88977949504885 -0.22876384695276161 -0.33381856013072303 3.5082488732481969 -0.67161634336238218 -0.37943916528470351 0.75927609465243207 0.95728968721825347 0.73337271746208399 -0.02306695165271223 -0.17953845821641884 1.0487402847037326 1.0936215827129492 2.0584351410323394 -0.37499999999999994 -1.0000000180025095e-35 1.1025771551425205 -0.55215509550580977 2.0897006127159852 0.98399002501639432 -0.12249213626172785 -0.23557528261321867 -0.34193245208586082 -0.11376406130799648
decision_type=2 2 2 2 2 2 2 2 2 2 2 2 2 2 2 2 2 2 2 2 2 2 2 2 2 2 2 2 2 2
left_child=1 7 3 4 14 12 9 10 17 -6 -1 -3 13 -4 -2 -13 -15 18 -8 20 -7 22 24 -23 -22 26 27 28 -25 -28
right_child=2 11 5 -5 6 19 8 -9 -10 -11 -12 15 -14 16 -16 -17 -18 -19 -20 -21 21 23 -24 25 -26 -27 29 -29 -30 -31
leaf_value=0.028415858602832817 -0.0045791046983627145 -0.037234026809466178 0.095615542036645393 0.15317461531071905 0.054108367637889392 -0.0067736891191281503 0.049796080534527817 -0.031623010191472151 0.0097634541948155608 -0.027778050632725287 -0.075866285048881113 -0.026313251671187754 -0.022684100848500033 0.064648208021290288 0.057263730302079312 -0.0016283152034651722 -0.022443635597526518 -0.042257016221311845 -0.087099300665382601 0.060171561806673872 0.065027110905160779 0.097166095814503473 0.18606728755263754 -0.081288870183502476 -0.082811602606352369 -0.014461231120499914 0.1953996686863444 -0.090016699274010056 0.076270079931443815 0.043904613731881627
leaf_weight=17.852854132652283 1006.5785417407751 463.6047443151474 159.15231710672379 17.6115612834692 285.60520556569099 139.63906073570251 266.16257426142693 185.65095929801464 1508.1378051191568 34.188230127096176 554.61513543128967 560.70673352479935 19.857462123036385 86.020225256681442 46.933167338371277 595.41516536474228 29.325314551591873 19.02653780579567 6.148602843284606 107.08243168890476 42.73885577917099 28.68217870593071 12.88774301111698 9.9188095182180387 6.7965560704469672 105.40868809819221 5.2166340798139563 20.222759619355202 22.738249957561493 120.40238185226917
leaf_count=86 4745 2284 703 79 1303 641 1225 931 7050 158 2903 2750 92 382 216 2879 132 88 29 486 196 131 59 46 31 486 24 93 105 553
internal_value=-0.000181378 -0.0339177 0.0193539 0.0132092 0.012354 0.0406751 0.0193598 -0.0626087 0.0147222 0.0452031 -0.0725136 -0.0204309 0.0670009 0.0736493 -0.0017276 -0.0136361 0.042331 0.0401416 0.0461718 0.028048 0.0211699 0.0316136 0.0761346 0.0223381 0.0425131 0.0142375 0.0312753 -0.0190324 0.0263615 0.0525846
internal_weight=6484.33 2377.85 4106.48 3190.39 3172.78 916.09 2119.27 758.119 1799.48 319.793 572.468 1619.73 294.355 274.498 1053.51 1156.12 115.346 291.338 272.311 621.734 514.652 375.013 62.4232 312.59 49.5354 283.908 178.499 52.8798 32.6571 125.619
internal_count=30886 11833 19053 14893 14814 4160 9853 3920 8392 1461 2989 7913 1309 1217 4961 5629 514 1342 1254 2851 2365 1724 286 1438 227 1307 821 244 151 577
is_linear=0
shrinkage=0.1


Tree=4
num_leaves=31
num_cat=0
split_feature=1 1 1 6 20 5 11 1 9 13 11 17 14 19 11 9 8 13 3 10 10 2 20 10 16 13 9 4 5 21
split_gain=350.851 68.831 52.4525 29.0127 41.4136 23.0059 22.782 22.6482 20.2385 18.6032 17.8552 25.8354 19.2183 15.9159 15.5616 15.1711 15.4867 14.8963 35.0791 21.8622 14.808 14.9754 18.6087 18.3865 17.0657 16.7015 14.6072 14.5834 16.6968 14.8957
threshold=-0.32973029671540249 0.065473583321187856 -0.6116159813154588 -1.1655218646065182 0.12500000000000003 -0.68198379915389407 0.49865333957056751 3.0367660822483198 2.3700964854410356 -1.3450269655173541 0.14865437853122654 -0.41534017826681707 -0.77981952210086614 -0.83209744880885972 -0.4322972740734557 3.9832530530332968 0.3823882526699271 -2.5728956732037025 2.5811990031921197 1.5141265734830389 -0.45971995366276747 1.104485299133128 0.37500000000000006 1.0641940436604498 0.62791637762817076 -1.88977949504885 1.7066291962453841 0.097045833905684789 -0.16395866564949027 -0.37499999999999994
decision_type=2 2 2 2 2 2 2 2 2 2 2 2 2 2 2 2 2 2 2 2 2 2 2 2 2 2 2 2 2 2
left_child=2 17 5 4 6 -1 9 20 10 13 -4 -12 -13 -3 -7 16 27 18 19 -2 -5 22 23 24 25 -22 -26 28 -8 -30
right_child=1 3 8 7 -6 14 15 -9 -10 -11 11 12 -14 -15 -16 -17 -18 -19 -20 -21 21 -23 -24 -25 26 -27 -28 -29 29 -31
leaf_value=0.094922372303659949 0.12850335070144162 0.090840731395904442 -0.034703937053515467 -0.0013534530049882868 0.0053912861173491238 -0.084421000968018994 0.14334757214059615 0.059287573713167667 0.10376623614691248 0.078128861226296226 0.15149412301554963 -0.061558409955270343 0.0052524615756309352 -0.023566252224876686 -0.046306291930700023 0.0088124509559525804 0.010158467250700243 -0.0049287242058854413 -0.051820031842112424 -0.047434176948648148 0.15843764241117381 0.0031240975105581502 0.040013060668246982 -0.0098298181904745083 -0.012941866800740104 0.030562031896662564 0.027836552944157128 0.12676106879196766 0.087694471107924346 -0.058924807686830283
leaf_weight=7.3192115426063529 35.173255294561386 13.730267539620398 1015.9426703453064 397.60802045464516 171.77639979124069 284.51220440864563 11.321430265903471 128.09492501616478 10.102293983101843 49.906938672065735 8.6990541219711286 55.440948411822319 174.07560819387436 58.788106933236122 188.04402154684067 22.210059031844139 18.609723091125488 1535.0827406048775 23.852119624614716 7.7285906225442877 9.0747827887535077 439.16090090572834 504.24144017696381 208.71592345833778 195.81667935848236 602.14753572642803 156.50332014262676 113.6239468306303 10.480692535638807 14.908696711063387
leaf_count=35 163 61 5115 1863 766 1559 50 570 47 226 42 274 851 265 989 97 82 7329 113 35 40 2037 2310 959 907 2776 716 497 46 66
internal_value=-0.000182402 0.013955 -0.0385009 0.0225879 0.0450676 -0.0666535 0.0666094 0.0184264 -0.0277329 0.0321091 -0.0289308 -0.00416282 -0.0110944 -0.000232862 -0.0694907 0.0881793 0.0983264 -0.00288913 0.0427981 0.0958268 0.0163018 0.0196278 0.0239324 0.0169561 0.0227853 0.0328765 0.00515692 0.108901 0.0502916 0.00237124
internal_weight=6472.69 4728.56 1744.14 3126.72 485.356 479.875 313.58 2641.36 1264.26 122.425 1254.16 238.216 229.517 72.5184 472.556 191.155 168.944 1601.84 66.754 42.9018 2513.27 2115.66 1676.5 1172.26 963.542 611.222 352.32 150.335 36.7108 25.3894
internal_count=30886 21974 8912 14334 2156 2583 1390 12178 6329 552 6282 1167 1125 326 2548 838 741 7640 311 198 11608 9745 7708 5398 4439 2816 1623 659 162 112
is_linear=0
shrinkage=0.1


Tree=5
num_leaves=31
num_cat=0
split_feature=9 11 4 9 3 9 13 16 10 16 11 8 7 15 14 16 21 11 7 14 14 5 0 11 11 7 14 9 14 3
split_gain=164.373 60.909 59.6908 76.06 39.4259 39.2463 29.7958 26.6143 26.6782 22.6926 26.2272 22.642 20.4921 19.4399 19.1716 33.4862 34.3816 24.1933 23.5317 19.6736 18.8415 19.1154 18.282 18.1118 18.0964 19.3618 21.6948 18.6279 17.8294 21.9708
threshold=-0.21298584845826893 1.2137623125220582 -0.67959281875814292 -0.41073837913106764 -0.37019577773517898 1.2863245551626874 -0.035989639304712419 0.5422867894019775 -0.59643491846627827 2.6136832071545135 0.065036137612189432 -0.53820577440952422 -2.8755577845413174 -0.62448600949458355 0.17168686314561096 -0.1670551011343617 0.37500000000000006 -0.20330341844130453 0.7605087443991928 0.14380502061588427 0.46105136388508278 -0.31938414591857961 -0.85203022075762991 -0.68462405237866086 -0.5710297143076718 0.77830108599214953 0.47676986698819751 0.047692194183350321 -0.37359600646949082 -0.24533475575706551
decision_type=2 2 2 2 2 2 2 2 2 2 2 2 2 2 2 2 2 2 2 2 2 2 2 2 2 2 2 2 2 2
left_child=2 4 11 -4 -2 7 28 8 -6 10 -7 -1 -3 -10 15 19 17 -17 20 -8 21 -16 -14 -13 -9 26 27 -26 29 -5
right_child=1 12 3 6 5 9 14 24 13 -11 -12 23 22 -15 18 16 -18 -19 -20 -21 -22 -23 -24 -25 25 -27 -28 -29 -30 -31
leaf_value=0.057033368101520612 0.054358767653506994 0.10026051722437138 -0.075395801292179113 0.057970863690963964 0.053849206010335285 0.088199775050793114 -0.022325358515507623 -0.11339335829606144 0.019907650471851859 0.0018109811233164162 0.02561076097916681 -0.021352105943069657 0.052606740062017182 -0.0050913964802318298 -0.013256078613954178 0.037774356564502648 -0.0078122047443618782 0.16298321860049483 0.014905486487078913 0.057184886252444028 0.066883080553847771 -0.068942813334769884 0.021159960611653428 0.029335571413237872 -0.05350724214512808 -0.053467170815730353 0.022370203458957162 -0.009011995120758523 -0.044744064733422295 -0.034274512735349649
leaf_weight=87.493585735559464 152.42468525469303 42.667240083217621 313.57483281195164 39.595022216439247 100.84704615175724 87.200158685445786 222.255465015769 17.650639191269875 414.55972422659397 256.4121962338686 289.61321575939655 171.12106235325336 258.86984260380268 1229.9275530874729 108.83368135988712 32.590448006987572 50.603167355060577 31.039689585566521 113.2646763920784 34.591661661863327 14.400516897439955 146.56048946082592 667.82265929877758 117.62845750153065 117.36015212535858 111.42155900597572 169.23864154517651 464.45010890066624 514.40239112079144 67.965007036924362
leaf_count=403 701 181 1719 193 475 402 1118 92 1934 1191 1299 815 1144 5848 535 165 259 151 534 173 71 741 3008 544 581 535 810 2232 2627 342
internal_value=0.000226522 0.0111952 -0.0230125 -0.0310323 0.00489622 0.00255253 -0.0208375 -0.00283382 0.00430745 0.0248707 0.0404399 0.0129307 0.0332986 0.00121088 -0.0074157 0.00872994 0.0534343 0.101507 -0.0230815 -0.0112698 -0.0390971 -0.0455063 0.0300369 -0.000589568 -0.0170013 -0.014812 -0.00895565 -0.0181362 -0.0370225 0
internal_weight=6446.39 4380.47 2065.92 1689.68 3411.11 3258.68 1376.1 2625.46 1745.33 633.226 376.813 376.243 969.36 1644.49 754.14 371.08 114.233 63.6301 383.059 256.847 269.795 255.394 926.693 288.75 880.121 862.47 751.049 581.81 621.962 107.56
internal_count=30823 20433 10390 8628 16100 15399 6909 12507 8257 2892 1701 1762 4333 7782 3747 1866 575 316 1881 1291 1347 1276 4152 1359 4250 4158 3623 2813 3162 535
is_linear=0
shrinkage=0.1


Tree=6
num_leaves=31
num_cat=0
split_feature=1 1 0 20 14 9 16 12 1 6 20 11 21 8 7 10 8 19 6 14 21 6 1 13 16 21 8 20 10 10
split_gain=241.973 71.706 37.3579 26.1961 32.4173 22.5384 21.6775 20.6331 16.8708 16.3038 29.2501 19.7902 25.8575 17.2063 19.0355 17.8995 16.8892 16.1914 17.2483 20.1164 15.9292 15.7623 14.8503 14.2425 14.0713 14.0116 13.7697 13.4974 16.0631 13.5709
threshold=-0.16653588571927416 -0.52754246967410479 -1.505527253505986 -0.54166666666666663 -1.7993905426670218 -0.44149726010217288 -0.70285042694520794 0.27267177309763407 -0.69305572725624487 -0.17618863681084326 0.54166666666666685 -0.058376296619268096 0.37500000000000006 0.49290273214286234 -1.3267820665306191 -0.24142539400411758 -0.015902732120180504 -0.035529489927572731 1.0093289371711303 0.64301983262105356 1.0000000180025095e-35 -0.032991334791521706 0.12758814278632949 -0.083536246039206993 -0.69867020666044488 1.0000000180025095e-35 1.1327891710666798 -0.29166666666666657 0.97184637681316588 0.056300097796994721
decision_type=2 2 2 2 2 2 2 2 2 2 2 2 2 2 2 2 2 2 2 2 2 2 2 2 2 2 2 2 2 2
left_child=1 8 -2 4 -4 -5 26 23 24 13 20 17 21 14 25 -16 -14 -12 19 -19 -11 -13 -6 -3 -1 -8 -7 29 -29 -25
right_child=2 7 3 5 22 6 9 -9 -10 10 11 12 16 -15 15 -17 -18 18 -20 -21 -22 -23 -24 27 -26 -27 -28 28 -30 -31
leaf_value=0.10802851934678062 0.041055704787284604 -0.0188427948346238 0.075902435809745233 -0.070200134308349302 -0.0012922697028068992 0.072521487667701875 0.066287179640223015 -0.034175842678092989 -0.040820573882785066 -0.0052391830790565162 -0.06192452229821558 -0.019673096895246361 0.063091132361134186 -0.037471143639545332 -0.030439678711660069 0.0042405712224626128 -0.041063234040045062 0.017526399952185898 -0.060035699623297946 0.15325183857458399 0.018879009707541035 0.073271988454235701 0.028462420343904428 0.0049765344976222606 -0.077742726535322867 -0.00013473669803618763 -0.080946391044170604 0.005930697474559446 0.062220312688966654 -0.039298805873757912
leaf_weight=2.8175504654645911 484.60160110890865 557.091821372509 114.1290019005537 36.176092594861984 245.22442342340946 69.123210161924362 70.407672449946404 358.91953493654728 558.01517209410667 685.55696639418602 29.364849075675011 19.016169682145119 22.115971967577934 129.40211342275143 197.55714283883572 586.30749751627445 44.052588805556297 53.949377194046974 18.196612790226936 12.515951141715048 453.13646657764912 207.32414367794991 520.01040069758892 156.84071153402328 208.97098144888878 55.797543421387672 5.0257614105939856 354.77844661474228 57.974206328392029 121.08299957215786
leaf_count=13 2149 2794 500 173 1151 313 306 1813 3041 3170 139 87 101 593 926 2671 203 254 83 58 2102 933 2371 776 1226 249 23 1743 274 588
internal_value=0.000184177 -0.0251451 0.0150229 0.0114722 0.0264526 0.00656475 0.00765572 -0.0130824 -0.0502213 0.00609907 0.0126113 0.0355919 0.0493072 -0.00356668 0.00128596 -0.00451586 -0.00532859 5.1999e-05 0.0224844 0.0461971 0.00435318 0.0652972 0.0189174 -0.00696514 -0.0744352 0.0371076 0.0604564 0.00260643 0.0140819 -0.0143487
internal_weight=6435.48 2376.49 4058.99 3574.39 879.364 2695.03 2658.85 1606.69 769.804 2584.7 1545.23 406.536 292.509 1039.47 910.07 783.865 66.1686 114.027 84.6619 66.4653 1138.69 226.34 765.235 1247.77 211.789 126.205 74.149 690.676 412.753 277.924
internal_count=30823 12268 18555 16406 4022 12384 12211 7988 4280 11875 7130 1858 1324 4745 4152 3597 304 534 395 312 5272 1020 3522 6175 1239 555 336 3381 2017 1364
is_linear=0
shrinkage=0.1


Tree=7
num_leaves=31
num_cat=0
split_feature=9 0 4 9 18 11 10 18 21 6 18 21 17 18 13 6 9 10 14 14 14 3 19 7 11 16 8 7 20 8
split_gain=115.207 43.8099 42.8746 62.382 26.3928 27.6525 24.3232 35.1132 29.1676 22.7563 21.1418 19.7314 24.1857 41.3614 20.1986 33.8776 25.5544 19.5788 18.5861 21.0884 25.558 23.0488 19.0083 18.7511 18.722 18.3899 17.8618 15.8701 15.7876 15.6082
threshold=-0.21298584845826893 -0.60276688034000114 -0.67959281875814292 -0.41073837913106764 -0.47376128660318445 1.1826158689795909 0.11642906598448756 -0.32135253561483229 -0.62499999999999989 -1.1336739938149905 -0.13115838009987255 -1.0000000180025095e-35 1.487224283747353 2.74109034002938 -2.5728956732037025 0.33474329638245109 2.8998183974193181 -0.53519997125597862 0.029720206974603251 0.1784924798074364 0.46105136388508278 -0.18325929506680103 0.85604238596016102 -0.30698001231975131 -0.65382379540483726 -0.17210558097985293 -0.57374251623086514 -1.3605872872009181 0.54166666666666685 -0.46864267501766782
decision_type=2 2 2 2 2 2 2 2 2 2 2 2 2 2 2 2 2 2 2 2 2 2 2 2 2 2 2 2 2 2
left_child=2 9 26 -4 -3 11 7 28 10 -2 25 12 -6 14 16 -16 -14 -12 23 21 24 22 -20 -10 -21 -9 -1 -11 -5 -22
right_child=1 4 3 6 5 -7 -8 8 18 27 17 -13 13 -15 15 -17 -18 -19 19 20 29 -23 -24 -25 -26 -27 -28 -29 -30 -31
leaf_value=0.052264267165647339 0.056396189210287287 0.086452570793792233 -0.068240130008928229 0.0069021248946607777 -0.0010993619833800611 0.020219679346247091 -0.038726176941711876 0.039135022667478751 -0.020391145031113014 0.067413514895442547 0.024588268844799161 -0.010621370868353843 0.1780022402990119 -0.024260119847066178 -0.014110456237021913 0.081489632853572622 0 0.18900744294388994 -0.081713843834805636 0.13770144103549553 0.16673212821863526 0.050273498467871727 0.1094903772719005 -0.070235434977673289 -0.068678958392308975 -0.079080502861518395 -0.00056194935603914387 0.015913902741886452 0.062411577185359626 0.0031577015850186977
leaf_weight=79.694377258419991 199.59623967111111 36.108227789402008 294.02599695324898 252.84032315015793 851.23643609881401 668.35384374856949 383.05055369436741 33.528246864676476 145.9897171407938 63.054507717490196 17.376005738973621 1387.4156933873892 25.456939488649368 85.179355412721634 62.322915986180305 87.510872289538383 11.823021918535231 12.070403411984442 27.064790174365047 3.1644407808780661 5.5980413556098929 80.624195650219917 4.9165991693735114 162.01800771057606 103.95377889275551 19.547115743160248 298.83236686885357 922.55279031395912 63.288935571908951 34.631619870662689
leaf_count=359 858 156 1719 1257 4067 2974 1991 171 755 275 87 6653 114 402 298 399 51 59 143 16 27 403 25 862 532 100 1403 4186 316 165
internal_value=0.00014395 0.0092256 -0.0196012 -0.0265879 0.00315642 0.00216379 -0.0174334 -0.00892792 -0.0222127 0.0256494 0.0327945 -0.00264349 0.00719142 0.0330469 0.0592262 0.0418472 0.124239 0.0985263 -0.0303054 -0.0104244 -0.0352211 0.021884 -0.0481337 -0.0468881 -0.0605806 -0.00501298 0.0106698 0.0193263 0.0183203 0.0315738
internal_weight=6422.83 4400.61 2022.22 1643.69 3215.41 3179.3 1349.66 966.612 650.483 1185.2 82.5218 2510.95 1123.53 272.293 187.114 149.834 37.28 29.4464 567.961 259.953 147.348 112.606 31.9814 308.008 107.118 53.0754 378.527 985.607 316.129 40.2297
internal_count=30823 20433 10390 8628 15114 14958 6909 4918 3345 5319 417 11984 5331 1264 862 697 165 146 2928 1311 740 571 168 1617 548 271 1762 4461 1573 192
is_linear=0
shrinkage=0.1


Tree=8
num_leaves=31
num_cat=0
split_feature=1 1 20 12 1 0 13 8 15 9 16 5 11 16 16 17 1 11 15 6 18 17 9 3 9 9 13 10 9 17
split_gain=174.22 63.588 24.9224 22.4863 18.3301 17.4762 15.3729 13.5968 12.0358 12.0215 11.9275 11.8697 11.4505 18.161 24.3609 23.0046 19.7787 15.2333 16.5215 12.4804 16.002 30.3763 12.0922 10.9951 17.7494 15.4576 13.4264 13.2754 11.9566 14.3033
threshold=-0.49108423157344266 0.065473583321187856 -0.54166666666666663 0.26441271198139965 -0.69305572725624487 -1.505527253505986 -4.0470524852190186 1.0574316847902245 -4.2647782707174384 -0.44149726010217288 -0.70285042694520794 -0.68198379915389407 1.2413285977548705 1.5014996731161758 0.64596136283106353 2.1823623685552396 1.7603829418372803 1.024309953679706 3.4795550867606218 1.9985793494736555 0.54839656616530652 -0.14438537029102946 0.88417126386400635 1.0050323795871081 1.7066291962453841 0.32730920881109543 1.0244453961866571 0.63488535060903684 1.9673542135846442 0.44555933126776442
decision_type=2 2 2 2 2 2 2 2 2 2 2 2 2 2 2 2 2 2 2 2 2 2 2 2 2 2 2 2 2 2
left_child=4 3 7 -2 11 6 -4 23 -7 -10 -11 -1 13 14 -12 17 -17 18 -15 -14 21 -21 -16 25 -25 26 -3 -27 29 -29
right_child=1 2 5 -5 -6 8 -8 -9 9 10 12 -13 19 15 22 16 -18 -19 -20 20 -22 -23 -24 24 -26 27 -28 28 -30 -31
leaf_value=0.08634594647102091 0.00011966460059459794 0.033925274700343136 0.095653410178770881 -0.02213971868898202 -0.032898816776235372 -0.027745474308831609 0.024170522742619917 -0.0099423913182872803 -0.065092068798848754 0.05305706281770628 0.003125245438515745 -0.071242842701562517 0.028960038079700958 0.10434887418585281 -0.020300793908647127 -0.0039652287389294267 0.13863496827557376 -0.049624643272051412 -0.0046420708234958235 -0.1274576363453255 -0.067049217466367439 0.065932251982905976 -0.089118710520688288 -0.022953469519680459 0.038535927608460363 0.086473878684480768 -0.05135698588308199 0.04557703686788761 0.10122200187452042 -0.046774112201680915
leaf_weight=3.5741851776838294 1714.7708457410336 300.36222158372402 32.124253734946251 614.79848118126392 701.15267844498158 92.500088557600975 338.93889901041985 71.237923264503479 20.18493027985096 60.15574112534523 1013.0947691351175 193.92556655406952 391.56566625833511 64.084983646869659 73.144184321165085 152.3589845597744 8.8738030046224576 8.7214865535497648 17.053926736116409 8.9115985482931119 32.187849491834641 35.373597234487534 39.732471063733101 74.776810839772224 120.10557974874973 117.36527252197266 18.176959872245789 47.916925519704819 19.366088643670082 23.814888477325439
leaf_count=16 8311 1360 135 3082 3879 413 1485 324 99 265 4655 1223 1715 293 346 698 40 39 76 40 144 156 179 340 524 510 82 208 81 105
internal_value=0.000125649 0.00678855 0.0159773 -0.00575671 -0.0406609 0.0108531 0.0307729 0.0313374 0.0071602 0.00886777 0.00971241 -0.0676611 0.00824647 0.00362651 -0.00179079 0.0278647 0.00496572 0.0679764 0.0815305 0.0217417 -0.014808 0.0236784 -0.0455506 0.0354509 0.0148454 0.0429691 0.0287784 0.0641972 0.0343453 0.0143134
internal_weight=6410.35 5511.7 3182.13 2329.57 898.652 2389.01 371.063 793.123 2017.94 1925.44 1905.26 197.5 1845.1 1377.06 1125.97 251.093 161.233 89.8604 81.1389 468.039 76.473 44.2852 112.877 721.885 194.882 527.002 318.539 208.463 91.0979 71.7318
internal_count=30823 25705 14312 11393 5118 10778 1620 3534 9158 8745 8646 1239 8381 6326 5180 1146 738 408 369 2055 340 196 525 3210 864 2346 1442 904 394 313
is_linear=0
shrinkage=0.1


end of trees

feature_importances:
Column_9=25
Column_1=24
Column_11=22
Column_10=17
Column_14=16
Column_21=15
Column_7=14
Column_8=14
Column_5=13
Column_6=13
Column_13=12
Column_20=12
Column_16=11
Column_17=11
Column_18=9
Column_0=8
Column_12=8
Column_3=7
Column_19=7
Column_4=6
Column_15=4
Column_2=2

parameters:
[boosting: gbdt]
[objective: binary]
[metric: binary_logloss]
[tree_learner: serial]
[device_type: cpu]
[data_sample_strategy: bagging]
[data: ]
[valid: ]
[num_iterations: 500]
[learning_rate: 0.1]
[num_leaves: 31]
[num_threads: 0]
[seed: 42]
[deterministic: 0]
[force_col_wise: 0]
[force_row_wise: 0]
[histogram_pool_size: -1]
[max_depth: 12]
[min_data_in_leaf: 20]
[min_sum_hessian_in_leaf: 0.001]
[bagging_fraction: 0.9]
[pos_bagging_fraction: 1]
[neg_bagging_fraction: 1]
[bagging_freq: 5]
[bagging_seed: 400]
[bagging_by_query: 0]
[feature_fraction: 0.9]
[feature_fraction_bynode: 1]
[feature_fraction_seed: 30056]
[extra_trees: 0]
[extra_seed: 12879]
[early_stopping_round: 0]
[early_stopping_min_delta: 0]
[first_metric_only: 0]
[max_delta_step: 0]
[lambda_l1: 0.2]
[lambda_l2: 1.5]
[linear_lambda: 0]
[min_gain_to_split: 0]
[drop_rate: 0.1]
[max_drop: 50]
[skip_drop: 0.5]
[xgboost_dart_mode: 0]
[uniform_drop: 0]
[drop_seed: 17869]
[top_rate: 0.2]
[other_rate: 0.1]
[min_data_per_group: 100]
[max_cat_threshold: 32]
[cat_l2: 10]
[cat_smooth: 10]
[max_cat_to_onehot: 4]
[top_k: 20]
[monotone_constraints: ]
[monotone_constraints_method: basic]
[monotone_penalty: 0]
[feature_contri: ]
[forcedsplits_filename: ]
[refit_decay_rate: 0.9]
[cegb_tradeoff: 1]
[cegb_penalty_split: 0]
[cegb_penalty_feature_lazy: ]
[cegb_penalty_feature_coupled: ]
[path_smooth: 0]
[interaction_constraints: ]
[verbosity: -1]
[saved_feature_importance_type: 0]
[use_quantized_grad: 0]
[num_grad_quant_bins: 4]
[quant_train_renew_leaf: 0]
[stochastic_rounding: 1]
[linear_tree: 0]
[max_bin: 255]
[max_bin_by_feature: ]
[min_data_in_bin: 3]
[bin_construct_sample_cnt: 200000]
[data_random_seed: 175]
[is_enable_sparse: 1]
[enable_bundle: 1]
[use_missing: 1]
[zero_as_missing: 0]
[feature_pre_filter: 1]
[pre_partition: 0]
[two_round: 0]
[header: 0]
[label_column: ]
[weight_column: ]
[group_column: ]
[ignore_column: ]
[categorical_feature: ]
[forcedbins_filename: ]
[precise_float_parser: 0]
[parser_config_file: ]
[objective_seed: 16083]
[num_class: 1]
[is_unbalance: 0]
[scale_pos_weight: 1]
[sigmoid: 1]
[boost_from_average: 1]
[reg_sqrt: 0]
[alpha: 0.9]
[fair_c: 1]
[poisson_max_delta_step: 0.7]
[tweedie_variance_power: 1.5]
[lambdarank_truncation_level: 30]
[lambdarank_norm: 1]
[label_gain: ]
[lambdarank_position_bias_regularization: 0]
[eval_at: ]
[multi_error_top_k: 1]
[auc_mu_weights: ]
[num_machines: 1]
[local_listen_port: 12400]
[time_out: 120]
[machine_list_filename: ]
[machines: ]
[gpu_platform_id: -1]
[gpu_device_id: -1]
[gpu_use_dp: 0]
[num_gpu: 1]

end of parameters

pandas_categorical:null
