tree
version=v4
num_class=1
num_tree_per_iteration=1
label_index=0
max_feature_idx=22
objective=binary sigmoid:1
feature_names=Column_0 Column_1 Column_2 Column_3 Column_4 Column_5 Column_6 Column_7 Column_8 Column_9 Column_10 Column_11 Column_12 Column_13 Column_14 Column_15 Column_16 Column_17 Column_18 Column_19 Column_20 Column_21 Column_22
feature_infos=[-25.880086514956037:36.260042162976049] [-0.9594548280972981:46.372148682130977] [-1.5296170609370809:445.78605680087003] [-0.12493774390499787:2.1975698279600535] [-0.12495268761266667:2.1678085349036915] [-0.12297480991481907:2.1573863464466783] [-10.912475517259807:12.829510231855204] [-8.1562679671898266:11.840170761164206] [-2.1706684410960162:2.1607950932717874] [-0.23404856539451871:19.992851721194725] [-1.0446818586701034:9.7036354589955192] [-0.64027434830438756:9.9889268801105313] [-1.3774319266707542:21.211090501999056] [-79.009894620479102:64.850769694275428] [-71.766403763841154:64.236029208530894] [-69.014902759232697:67.272744508556912] [-0.12493774390499787:2.1975698279600535] [-0.12518513233231782:2.2370046407528474] [-0.12475408255125717:2.2022635848402419] [-2.101291523799357:2.0688966704273293] [-1:0.91666666666666663] [-0.75:0.75] [0:1]
tree_sizes=3441 3491 3483 3474 3489 3472 3495 3458 3487 3479 3494 3504 3494 3494 3485 3484 3479 3472 3501 3472

Tree=0
num_leaves=31
num_cat=0
split_feature=11 11 5 9 5 9 13 0 0 14 11 3 5 5 18 7 11 7 17 18 11 10 11 21 19 11 20 5 9 13
split_gain=602.442 203.229 133.568 120.354 98.354 126.436 77.7679 55.5889 52.6559 45.043 39.5709 34.5794 32.7837 32.4314 28.198 25.8032 25.544 24.9 26.2537 24.7744 26.8933 31.5331 24.4304 23.6757 23.4984 34.7414 23.4805 23.1479 22.7757 22.6244
threshold=-0.39998374576999163 0.60094789902564061 -0.095561196674967555 -0.19488011188842408 -0.11953760211381879 0.41760198974728641 -4.8406228512898322 -1.0180027510765319 -0.41650370339672299 0.28201841925566368 0.19045135244495615 0.82814180519096114 0.0079976149662239031 0.74079845645829678 0.6916471309637694 -0.7473597910538502 -0.27170992562037899 -0.54087143422460326 -0.11190835638161011 0.94930784821598702 -0.56368038859369729 -0.038878446003273441 -0.48960832462202719 -0.37499999999999994 0.62247029503904172 -0.56368038859369729 -0.29166666666666657 0.80965193870439489 1.0654568602642533 -0.36792795884805679
decision_type=2 2 2 2 2 2 2 2 2 2 2 2 2 2 2 2 2 2 2 2 2 2 2 2 2 2 2 2 2 2
left_child=4 2 9 -4 24 13 -5 -3 -8 10 17 15 -9 -6 -14 28 -10 18 -2 20 27 -22 -13 -12 25 -1 -16 -15 -7 -18
right_child=1 7 3 6 5 11 8 12 16 -11 23 22 14 19 26 -17 29 -19 -20 -21 21 -23 -24 -25 -26 -27 -28 -29 -30 -31
leaf_value=-0.59519345407115432 -0.51415436140599968 -0.53634809864156929 -0.61748894612052763 -0.55313885081616787 -0.65581614096579643 -0.55985130961450424 -0.57270848631124704 -0.56987733936555229 -0.60766266688980675 -0.44769095818038562 -0.63956276751540719 -0.63716152016207594 -0.52427539194216044 -0.55115459731100136 -0.53423135884574124 -0.58505793453942345 -0.57282718716180903 -0.51874116454424812 -0.58989925271079757 -0.64754626184296149 -0.58867428248018172 -0.68113971146657681 -0.60139810423923901 -0.56647590532749248 -0.62738081451390648 -0.48958908704361015 -0.57942200769367491 -0.65245987771436353 -0.40620914075512926 -0.59334734741962025
leaf_weight=31.234459757804871 42.947382166981697 567.50257398188114 796.4787238240242 474.02885985374451 614.58392876386642 17.684216186404232 1106.2970048040152 1696.766093313694 618.71790137887001 27.559817433357239 39.043074697256088 171.78952866792679 210.14360792934895 15.15789958834648 117.58855438232422 180.05747389793396 429.47382166981697 198.6603506654501 85.894764333963394 300.63167516887188 207.15796104073524 25.492831125855446 428.09583079814911 94.851704999804497 17.913881331682205 52.133987978100777 196.5933643579483 140.55506891012192 8.9569406658411008 1701.8187265098095
leaf_count=136 187 2471 3468 2064 2676 77 4817 7388 2694 120 170 748 915 66 512 784 1870 865 374 1309 902 111 1864 413 78 227 856 612 39 7410
internal_value=-0.586128 -0.57635 -0.58512 -0.588932 -0.623267 -0.62697 -0.583675 -0.558701 -0.587435 -0.545221 -0.551418 -0.602023 -0.564441 -0.642368 -0.546951 -0.573897 -0.593367 -0.536484 -0.564307 -0.630256 -0.616694 -0.59929 -0.61174 -0.587979 -0.546672 -0.528856 -0.562335 -0.642326 -0.502213 -0.589201
internal_weight=10615.8 8404.37 5615.77 5126.82 2211.45 2110.16 4330.34 2788.59 3856.31 488.957 461.397 806.584 2221.09 1303.58 524.326 206.699 2750.01 327.502 128.842 688.995 388.364 232.651 599.885 133.895 101.282 83.3684 314.182 155.713 26.6412 2131.29
internal_count=46223 36594 24452 22323 9629 9188 18855 12142 16791 2129 2009 3512 9671 5676 2283 900 11974 1426 561 3000 1691 1013 2612 583 441 363 1368 678 116 9280
is_linear=0
shrinkage=1


Tree=1
num_leaves=31
num_cat=0
split_feature=1 11 1 12 6 6 11 0 7 5 1 13 9 11 5 13 7 11 9 11 19 5 21 1 7 19 10 10 3 14
split_gain=683.977 168.968 152.83 62.6365 47.5058 44.3969 43.6272 39.1434 33.7635 31.1637 25.9392 24.7178 35.8996 21.1813 21.1247 21.0786 28.5189 20.5067 21.0932 18.8298 18.4871 24.3884 20.0446 18.346 17.2939 17.1046 21.2312 18.8843 18.4861 16.7271
threshold=-0.3256803320808182 -0.48960832462202719 0.5649983423397279 0.95604430698094511 -1.003461298847423 -2.7390279410173148 0.61554774871263829 -0.76838168035692145 0.54607996363275857 -0.10969689495164087 -0.61087620498303197 0.2999313861066592 -0.14442381527005702 1.1226670307574853 -0.081609355845149847 -0.073373234988035232 0.49782197038084036 -0.32263656667750246 -0.19856442284553524 -0.3917560222227483 0.46545856257821 -0.085223190646467342 -1.0000000180025095e-35 -0.63222531400889304 0.16685933180995802 0.48799575977426601 1.1723932149921186 0.4502855105504599 0.85822893065331463 -0.41150745261208782
decision_type=2 2 2 2 2 2 2 2 2 2 2 2 2 2 2 2 2 2 2 2 2 2 2 2 2 2 2 2 2 2
left_child=1 23 3 4 -2 25 10 9 17 -7 24 12 14 -11 -10 16 19 -6 -19 -12 21 -20 -23 -1 -3 26 27 28 -4 -18
right_child=2 6 5 -5 8 7 -8 -9 11 13 15 -13 -14 -15 -16 -17 29 18 20 -21 -22 22 -24 -25 -26 -27 -28 -29 -30 -31
leaf_value=-0.072105376126167964 0.031333645863070428 -0.056469739890139613 0.087990265870125664 -0.019690102165842202 -0.013410195166521317 0.085676911292872082 0.015426202564520318 0.017063006706999635 0.031125587753499034 0.024977448106890204 -0.035628165915056333 0.0039567716659305967 0.051135877440573962 0.050196674309873818 -0.0087795948940056195 -0.026867658226278793 0.095657935732188906 -0.01644819838071513 0.054458894526128988 -0.0037694108200953679 -0.006664715019730553 -0.0033336789444597644 0.017735956710258589 -0.049091165152337732 -0.015329083996523217 0.0028391339051030257 0.041994753404942298 0.14047135470656491 -0.033787634890397468 0.011193304613546473
leaf_weight=456.02709531784058 485.96990436315536 219.11279118061066 36.526405349373817 603.76779048144817 584.7816818356514 77.211840912699699 207.27823166549206 1590.3090759962797 165.15539510548115 685.52927339076996 169.44613833725452 536.05453690886497 243.72073465585709 314.83833558857441 171.88235393166542 867.56302559375763 22.702319830656052 286.99287080764771 79.753064870834351 394.85174171626568 466.79011608660221 491.48134632408619 696.16018503904343 472.65455728769302 95.884540140628815 24.762285113334656 74.040232062339783 41.950656786561012 9.2615166902542096 42.379430681467056
leaf_count=2021 2106 962 158 2638 2558 331 898 6891 717 2967 744 2330 1057 1353 747 3797 99 1253 346 1721 2029 2134 3023 2089 421 107 320 181 40 185
internal_value=0.000487025 -0.0322539 0.0130804 0.00437633 0.00783628 0.027743 -0.0192362 0.0250748 0.00475661 0.0368555 -0.0232157 0.0163865 0.0278071 0.0329771 0.0107803 -0.0187833 -0.00759055 -0.000228172 0.00358551 -0.0134124 0.00691691 0.0119301 0.00901206 -0.0604836 -0.0440903 0.0654355 0.0748515 0.101503 0.0628691 0.0420364
internal_weight=10614.8 2947.9 7666.94 4812.51 4208.74 2854.43 2019.22 2667.89 3722.77 1077.58 1811.94 1116.81 580.758 1000.37 337.038 1496.94 629.38 2605.96 2021.18 564.298 1734.18 1267.39 1187.64 928.682 314.997 186.541 161.779 87.7386 45.7879 65.0818
internal_count=46223 12937 33286 20938 18300 12348 8827 11542 16194 4651 7929 4851 2521 4320 1464 6546 2749 11343 8785 2465 7532 5503 5157 4110 1383 806 699 379 198 284
is_linear=0
shrinkage=0.08


Tree=2
num_leaves=31
num_cat=0
split_feature=1 1 1 12 6 0 3 12 6 9 5 1 10 7 7 6 12 13 5 10 1 6 18 7 9 3 9 20 3 6
split_gain=583.263 127.909 112.635 53.3551 36.6591 32.6216 31.295 37.0903 30.6606 25.718 23.8606 22.2798 21.5932 20.3205 19.6775 18.9286 17.5976 16.9294 16.8236 16.5445 16.3511 16.2821 15.8635 15.7094 15.022 14.9471 14.106 16.1551 13.9274 18.7217
threshold=-0.3256803320808182 0.5649983423397279 -0.61087620498303197 0.48076877456542616 -2.7390279410173148 0.5292895552978687 0.59624337484472167 -0.27628405830051367 -1.003461298847423 -0.18887428374949647 -0.10969689495164087 0.1328461142287358 -0.51801103672115956 0.48678963930396557 0.45567407527476411 0.91202839211430409 -0.56909043226670508 -0.056894822059131635 0.60829111850746254 2.0139962924191201 -0.090005089193099741 -0.21834868093721863 -0.11093814352171799 0.55644255861177994 -0.18887428374949647 -0.096873083007030833 -0.17599103449621087 0.37500000000000006 -0.032830725615260979 -0.60254936000976389
decision_type=2 2 2 2 2 2 2 2 2 2 2 2 2 2 2 2 2 2 2 2 2 2 2 2 2 2 2 2 2 2
left_child=2 3 13 8 -3 10 9 -8 19 15 17 21 20 18 -9 -4 -14 -6 24 -2 -10 -5 -12 -23 25 -1 27 -19 29 -22
right_child=1 4 6 11 5 -7 7 14 12 -11 22 -13 16 -15 -16 -17 -18 26 -20 -21 28 23 -24 -25 -26 -27 -28 -29 -30 -31
leaf_value=0.013009692174843313 0.034362862341859653 0.059318400492163033 -0.024552982082188674 -0.0016500791684592449 0.12834941605382211 0.012480824595901699 -0.013979410533691257 -0.047128572247289134 -0.026151130317381976 0.0057736279414975682 -0.053462022813548754 0.0017708826420205928 0.023044187450776996 -0.0027342488705145614 -0.0030430797031672841 0.066996535409525007 0.0058810187973645555 0.012682624547675474 -0.065268687058162994 -0.010436253120100897 0.078429705576943051 -0.035259543277760416 0.028328482110448434 0.0019024581705114152 -0.01074408082620165 -0.066422083340544835 0.11015294794783163 0.095226552358878322 0.025497065182803917 -0.022941522925400592
leaf_weight=16.948905020952225 392.54739552736282 189.53779619932175 445.28966747224331 216.05767744779587 21.312723949551582 1123.3647526651621 591.94288583099842 554.09845940768719 212.13187085092068 417.37336881458759 14.177154511213301 540.13889339566231 461.90811851620674 45.399798974394798 74.217162758111954 13.742834001779554 2225.3204505592585 61.605449363589287 571.54402630031109 59.911308377981186 11.698936864733694 382.31114283204079 1426.8345748782158 88.966342717409134 81.008883744478226 106.46529306471348 18.863906174898148 19.357615455985069 107.57839734852314 119.0538794696331
leaf_count=75 1687 806 1958 945 90 4846 2609 2469 927 1820 61 2357 2000 200 327 60 9663 261 2582 257 51 1679 6123 387 363 474 79 82 467 518
internal_value=0.000440091 0.0119933 -0.0300054 0.00401912 0.0253439 0.0229162 -0.0201388 -0.0284215 0.00894321 -0.00856973 0.0303973 -0.0103679 0.00612499 -0.0551106 -0.0419559 -0.0216185 0.00884463 0.0644906 -0.0581506 0.0283925 -0.0100528 -0.0199109 0.0274717 -0.0282318 -0.0379262 -0.0553969 0.0493756 0.0336668 0.00428496 -0.0131498
internal_weight=10610.7 7692.68 2918.03 4817.62 2875.05 2685.52 2096.66 1220.26 3590.15 876.406 1562.15 1227.47 3137.69 821.367 628.316 459.033 2687.23 121.14 775.967 452.459 450.463 687.335 1441.01 471.277 204.423 123.414 99.827 80.9631 238.331 130.753
internal_count=46223 33286 12937 20938 12348 11542 9243 5405 15570 3838 6696 5368 13626 3694 2796 2018 11663 512 3494 1944 1963 3011 6184 2066 912 549 422 343 1036 569
is_linear=0
shrinkage=0.08


Tree=3
num_leaves=31
num_cat=0
split_feature=1 11 1 12 11 6 0 11 13 7 11 5 6 6 6 11 7 15 17 7 6 9 5 19 7 1 0 15 11 9
split_gain=497.473 137.132 107.247 47.7201 34.8417 33.6326 33.2547 29.059 22.258 31.0559 28.1636 21.1304 21.1089 20.8365 23.2053 20.7887 26.2827 36.6413 20.6691 20.1642 21.8908 20.9192 30.1361 19.9996 19.909 18.6446 20.9239 18.5798 25.9957 18.3525
threshold=-0.3256803320808182 -0.49299694755124773 0.5649983423397279 0.95604430698094511 0.61554774871263829 -1.003461298847423 -3.9937862363680909 0.0079177852868344781 -0.12876415864928439 0.49782197038084036 -0.3917560222227483 -0.10969689495164087 -2.4168290329643014 2.5566419803671527 -0.12496418673453459 0.84599120371511871 0.14444447088444176 -0.13686218658987237 0.73765815953813607 0.54607996363275857 0.33140895625661099 -0.1412496645651958 -0.080539721836547049 0.23051342602040495 -0.53024680278758696 -0.033396652317201132 0.63095034401459726 -1.1448043498834959 1.1458312207954207 3.7085149511061584
decision_type=2 2 2 2 2 2 2 2 2 2 2 2 2 2 2 2 2 2 2 2 2 2 2 2 2 2 2 2 2 2
left_child=1 18 3 5 8 -2 -4 25 9 10 -3 13 23 14 -8 -14 -17 27 -1 24 21 22 -21 -13 -9 26 -7 28 -18 -25
right_child=2 4 6 -5 -6 7 11 19 -10 -11 -12 12 15 -15 -16 16 17 -19 -20 20 -22 -23 -24 29 -26 -27 -28 -29 -30 -31
leaf_value=-0.069791338116657567 0.026298113991578883 -0.036068975032195451 0.062643905237559902 -0.017426769304871061 0.014500691457999555 -0.0061347012828298735 0.071776195317040811 0.020598594484397867 -0.026556806095483786 0.046185703671693445 0.00014282440434443979 0.056684636326584707 0.010501425657111357 0.10376453571174114 0.010958458379982003 0.0079188885340987329 0.12416371308427147 0.053731357131205124 -0.044185112530453381 0.076310710159804132 0.011106987663267662 0.061557961207644077 -0.0091012620603069822 -0.027535478727461961 -0.0020696651505797397 0.0058155791606670096 -0.040243462103763054 -0.001282073015719605 0.023362895218702974 0.07447256393682436
leaf_weight=344.55593544244766 493.38922466337681 220.75404956936836 129.89911089837551 598.25205604732037 207.88817501068115 833.64370265603065 64.408539608120918 342.93574085831642 1168.1773324608803 60.106278836727142 359.32310020923615 165.75928562879562 1340.7856703102589 32.81096313893795 106.36435480415821 347.12396132946014 18.063107967376709 333.86110787093639 528.12473027408123 36.101485401391983 511.18683734536171 134.10966020822525 89.451691627502441 39.637171909213066 884.12908659875393 766.16823381185532 132.77739700675011 179.53511418402195 120.30090621113777 14.397234305739401
leaf_count=1591 2106 994 548 2638 898 3642 271 1484 5201 260 1577 698 5757 137 450 1480 77 1424 2416 155 2205 574 389 168 3836 3328 581 765 512 61
internal_value=0.000398202 -0.0279104 0.0110027 0.00369205 -0.0164176 0.00669015 0.0231777 0.004086 -0.0199859 -0.00794952 -0.0136633 0.0212916 0.0192927 0.0461023 0.034307 0.0170403 0.0257821 0.0352456 -0.0543908 0.0106599 0.0207939 0.0396793 0.0158533 0.0429927 0.00426975 -0.00348978 -0.0108774 0.015665 0.0375626 0.000454335
internal_weight=10604 2888.93 7715.09 4822.15 2016.25 4223.89 2892.95 3730.5 1808.36 640.183 580.077 2763.05 2559.46 203.584 170.773 2339.67 998.884 651.76 872.681 1997.91 770.85 259.663 125.553 219.794 1227.06 1732.59 966.421 317.899 138.364 54.0344
internal_count=46223 12937 33286 20938 8930 18300 12348 16194 8032 2831 2571 11800 10942 858 721 10015 4258 2778 4007 8643 3323 1118 544 927 5320 7551 4223 1354 589 229
is_linear=0
shrinkage=0.08


Tree=4
num_leaves=31
num_cat=0
split_feature=1 11 1 0 20 11 11 6 14 5 11 6 21 6 10 4 8 19 5 11 10 17 19 5 18 8 11 13 3 20
split_gain=424.373 120.802 92.2206 40.425 30.1353 29.7335 28.6624 29.7546 26.9783 21.3359 23.9421 20.7627 20.9481 20.6161 19.5186 19.3053 20.0815 18.8962 18.3169 21.5534 21.49 18.2367 18.13 17.9646 16.0239 15.9675 16.5032 16.6626 15.8182 16.5899
threshold=-0.3256803320808182 -0.49299694755124773 0.23566714492239135 -0.50107688305384568 0.20833333333333334 0.61554774871263829 0.65332784700413415 -0.58915344937801262 -4.3038239000535103 -0.11183420349353639 -0.026852312826928709 -0.9090851927787601 0.62500000000000011 -2.4168290329643014 -0.53849437343663642 0.81786823289591026 0.59133843400103936 0.53146994540682957 -0.095561196674967555 0.84599120371511871 0.90318777473858669 -0.093603709266921534 0.86698157705438306 -0.10969689495164087 -0.087448305197807982 1.1482673472420168 -0.57413084044095253 -0.14587025615714969 0.95025349597480269 -0.20833333333333329
decision_type=2 2 2 2 2 2 2 2 2 2 2 2 2 2 2 2 2 2 2 2 2 2 2 2 2 2 2 2 2 2
left_child=1 15 6 4 8 11 7 17 -4 -6 -11 -3 21 -5 -9 -1 28 -2 25 20 -20 22 -13 -10 -7 26 -15 -28 29 -17
right_child=2 5 3 13 9 24 -8 14 23 10 -12 12 -14 18 -16 16 -18 -19 19 -21 -22 -23 -24 -25 -26 -27 27 -29 -30 -31
leaf_value=-0.063991095111655766 0.018827662004926211 0.017144154946976197 0.056585031913824364 0.038985657553160594 0.11603680015798126 0.079229101128968693 0.015291319753406822 -0.024189539347080551 0.056649289747300949 0.012240058754572973 0.049079808427215994 -0.054994485102490928 0.0010350110328478841 -0.054370306604168139 -0.0037556449701508839 -0.04296598749428477 -0.075867019110132314 -0.0210992154086833 0.0055755179295799394 0.017424276933690658 -0.020473618630754833 -0.021000173293975435 0.075743245423635433 0.012854269972763122 0.0057701515163357331 -0.02601871603399647 -0.015050436915949077 0.044241603312001165 -0.053941419072492121 -0.00079398742868026133
leaf_weight=402.22763948142529 517.95442198216915 97.552378073334694 114.3053762614727 162.67164812982082 23.318917781114578 20.039302960038185 697.81213492155075 353.00096862018108 63.18052114546299 157.90585395693779 412.73822872340679 155.83965542912483 244.43014344573021 12.104378446936606 1946.9745781123638 104.94318415224552 79.935558661818504 87.550655096769333 940.56334964931011 726.71295711398125 257.07354888319969 1292.5792859941721 6.0067199170589438 948.5523367524147 188.65955492854118 31.486902981996536 33.652066603302956 246.18547248840332 130.23740424215794 137.90522891283035
leaf_count=1899 2226 428 483 682 96 86 2999 1558 262 677 1746 701 1093 52 8501 487 373 379 4063 3098 1107 5783 27 4035 812 134 144 1044 609 639
internal_value=0.00036287 -0.0259575 0.0101016 0.0182594 0.0276318 -0.0151953 0.0007441 -0.00275046 0.0198852 0.042228 0.0389538 -0.0185184 -0.0205839 0.0115561 -0.00690804 -0.0511183 -0.0395235 0.0130045 0.00954599 0.00656767 -2.08333e-05 -0.0242233 -0.049547 0.0156649 0.0132935 0.0271398 0.0329971 0.0370349 -0.0314864 -0.0191888
internal_weight=10594.1 2860.36 7733.74 4130.45 1720 2005.11 3603.29 2905.48 1126.04 593.963 570.644 1796.41 1698.86 2410.45 2299.98 855.249 453.021 605.505 2247.78 1924.35 1197.64 1454.43 161.846 1011.73 208.699 323.429 291.942 279.838 373.086 242.848
internal_count=46223 12937 33286 17623 7299 8930 15663 12664 4780 2519 2423 8032 7604 10324 10059 4007 2108 2605 9642 8268 5170 6511 728 4297 898 1374 1240 1188 1735 1126
is_linear=0
shrinkage=0.08


Tree=5
num_leaves=31
num_cat=0
split_feature=11 0 11 7 5 14 6 15 19 9 7 14 10 5 9 14 0 14 11 21 7 17 10 8 7 5 20 16 11 5
split_gain=312.148 117.447 61.9336 58.4723 50.2414 61.2411 38.6494 36.1911 29.0914 28.7957 28.4586 26.7121 21.1821 20.6103 25.4376 19.6699 18.9199 18.3596 20.1653 22.7401 17.8617 17.2951 17.2647 16.5771 16.2741 16.249 27.5399 27.0162 20.9044 26.7802
threshold=-0.43430997339430782 -0.59777074510129291 0.60094789902564061 0.80668051027275411 -0.095561196674967555 -0.20371145152017001 -1.0530240098385131 4.6960518349889684 -0.44805422798341127 -0.21605271675805318 0.53433387820499545 -0.020536046191542118 -0.40232372857094684 -0.11953760211381879 0.3742670406906593 -8.2833172873895844 0.6911916980976891 0.29211723945575413 0.21076275477697157 0.62500000000000011 0.1907382335687661 0.95538940345510659 1.0906917129823286 1.1266891746878374 0.45567407527476411 0.0079976149662239031 -0.29166666666666657 0.68805079867182206 0.91991883902026406 0.85503401169683046
decision_type=2 2 2 2 2 2 2 2 2 2 2 2 2 2 2 2 2 2 2 2 2 2 2 2 2 2 2 2 2 2
left_child=3 6 4 7 17 10 -2 8 13 -7 15 -5 -8 -1 -15 -6 -10 18 -3 -20 -9 -13 -16 -17 -21 -4 -27 -28 -29 -30
right_child=1 2 25 11 5 9 12 20 16 -11 -12 21 -14 14 22 23 -18 -19 19 24 -22 -23 -24 -25 -26 26 27 28 29 -31
leaf_value=0.069472838983325652 0.045230220983597053 0.031841703975422075 0.0083561262064068241 0.11475789410747447 0.028244411798324529 -0.042717793370092016 -0.0010577304608549679 0.048552638380080823 -0.046330988668789291 -0.01150410000363809 0.038561904010307541 0.024145062718650353 0.0213263158282543 -0.037556320023944767 0.011986860402632325 0.00034108811457668193 -0.0096765841110602532 0.098638257077740668 -0.027615336282563602 0.14068497287834025 -0.055935151930854854 -0.089984269935759087 -0.04838169488725276 -0.060803812690864011 -0.026565675156081693 0.049862401939264334 0.041837538447431585 -0.054254633569648603 -0.047120081833196402 0.028508894752216574
leaf_weight=14.805314794182776 381.63473725318909 245.5676908493042 1517.2225534468889 18.419413030147552 164.88544607162476 203.50070941448212 331.48534899950027 47.87742093205452 1051.8779294937849 2592.8773562014103 155.11911682784557 62.26583269238472 1444.4626857787371 291.99310213327408 152.48862862586975 1146.2782475054264 100.27701933681965 19.002270311117172 81.851514890789986 8.6000390052795392 12.140290960669516 8.5994391292333585 36.569894999265671 27.889172419905663 5.3019009083509436 180.51187190413475 108.9734094440937 45.790605887770653 40.588060408830643 104.4734883159399
leaf_count=62 1598 1042 6486 79 702 926 1424 213 4902 11424 662 270 6138 1370 683 4989 442 78 357 37 54 38 165 122 23 760 459 196 172 443
internal_value=-0.000274005 0.00592697 0.000660737 -0.0306463 -0.00439773 -0.00681151 0.0221395 -0.0339521 -0.03618 -0.0137973 0.00625504 0.0320725 0.0171436 -0.0198618 -0.0228022 0.0024724 -0.0431646 0.0242383 0.0197302 -0.0112168 0.0265388 0.00886129 1.50984e-05 -0.00116163 0.0790621 0.0124398 0.025261 0.0102699 -0.007841 0.00705296
internal_weight=10603.3 8806.02 6648.43 1797.31 4650.87 4290.55 2157.58 1708.03 1648.01 2796.38 1494.17 89.2847 1775.95 495.857 481.052 1339.05 1152.15 360.323 341.321 95.7535 60.0177 70.8653 189.059 1174.17 13.9019 1997.56 480.337 299.826 190.852 145.062
internal_count=46316 38038 28878 8278 20362 18825 9160 7891 7624 12350 6475 387 7562 2280 2218 5813 5344 1537 1459 417 267 308 848 5111 60 8516 2030 1270 811 615
is_linear=0
shrinkage=0.08


Tree=6
num_leaves=31
num_cat=0
split_feature=1 11 0 1 6 9 3 3 12 14 1 19 9 7 6 20 20 18 20 8 7 1 19 21 5 18 13 20 11 21
split_gain=342.255 115.626 49.3698 39.9464 29.8785 25.3236 37.1227 25.1255 22.5873 21.7495 21.4923 19.4295 19.426 19.2728 21.3042 18.9581 27.9884 24.573 18.2627 25.1612 17.7259 17.6001 16.9039 22.6538 28.2284 20.747 16.7405 21.8272 16.3821 15.7674
threshold=-0.14257800505482202 -0.43430997339430782 -0.47884605573631239 -0.49973975085067779 -1.0530240098385131 -0.18887428374949647 -0.096873083007030833 0.7233232630201526 -0.28236663162033943 -8.2833172873895844 -0.61087620498303197 0.78451804907695821 1.0178201676126586 0.12860920516683141 -0.37712687855053484 0.79166666666666685 0.37500000000000006 0.99834891709993812 0.37500000000000006 0.059045298485213595 0.54607996363275857 0.87520233248091606 0.42217954311096872 -1.0000000180025095e-35 -0.019674914559044646 -0.077050832492434537 -3.4628031514477358 -0.12499999999999999 0.74059511649046594 -0.37499999999999994
decision_type=2 2 2 2 2 2 2 2 2 2 2 2 2 2 2 2 2 2 2 2 2 2 2 2 2 2 2 2 2 2
left_child=1 3 4 -1 -2 6 11 22 -5 -4 -8 13 -9 14 -3 16 20 -18 21 -20 -11 26 23 24 -7 -25 27 -6 -26 -22
right_child=2 5 9 8 18 7 10 12 -10 15 -12 -13 -14 -15 -16 -17 17 -19 19 -21 29 -23 -24 25 28 -27 -28 -29 -30 -31
leaf_value=-0.048330863396349913 0.040048237320856453 0.049025675511128623 0.03096746782236183 0.0081253739340602787 0.078205858023396163 -0.020259457804667615 -0.060516427208056153 -0.026706057045160311 -0.029522145227697014 -0.0019863140767216354 -0.021859421922745606 0.11301665292599714 -0.0031358343566794283 0.048756656784589389 -0.041126347204760522 -0.01370637649016415 0.026583664048482444 -0.012822014843448056 0.015566138732064217 0.052610682613022486 0.028221191650922798 0.022832857820256933 -0.011919635731996095 0.06287685128856027 0.015432677025398593 0.014701145664073791 0.0016787449555033807 -0.014437304436082737 0.10313364051249728 0.0049544001330481934
leaf_weight=817.08404795825481 414.22441039979458 22.173949286341667 209.98541131615639 133.95158231258392 41.2784383893013 240.40496096014977 109.78635942935944 407.86156517267227 414.60160578787327 1817.1616177409887 577.74118500947952 11.183570146560667 497.81528908014297 45.384375035762787 58.108401268720627 329.99494886398315 616.96619859337807 119.92730009555817 315.88025705516338 188.31834888458252 261.60663755238056 568.5962346047163 301.62287209928036 66.319917038083076 85.965919211506844 394.63676351308823 830.24070812761784 25.54447029531002 15.281311899423597 649.8295953720808
leaf_count=3953 1721 97 882 611 176 1046 511 1817 1919 7854 2587 49 2188 197 261 1420 2646 519 1340 796 1117 2381 1324 286 382 1723 3566 109 65 2773
internal_value=-0.00025831 -0.0179961 0.0114002 -0.0371116 0.0205146 -0.0087696 -0.0205701 -0.00391421 -0.0203095 0.00596774 -0.0281444 0.0173099 -0.0137849 0.00770954 -0.0157238 0.00457211 0.00632025 0.0201438 0.0163791 0.0295181 0.00257541 0.0118306 0.00417697 0.0102498 -0.00532534 0.0218036 0.00482233 0.0429847 0.0298396 0.0116741
internal_weight=10589.5 4199.92 6389.55 1365.64 2384.08 2834.29 824.378 2009.91 548.553 4005.47 687.528 136.85 905.677 125.667 80.2824 3795.49 3465.49 736.893 1969.86 504.199 2728.6 1465.66 1104.23 802.609 341.652 460.957 897.064 66.8229 101.247 911.436
internal_count=46316 19016 27300 6483 10089 12533 3702 8831 2530 17211 3098 604 4005 555 358 16329 14909 3165 8368 2136 11744 6232 4826 3502 1493 2009 3851 285 447 3890
is_linear=0
shrinkage=0.08


Tree=7
num_leaves=31
num_cat=0
split_feature=11 0 11 7 18 14 15 10 9 19 7 8 7 14 0 7 9 10 10 7 9 3 8 0 3 7 11 7 3 17
split_gain=231.635 85.3306 50.2819 47.186 39.4999 53.6394 30.1636 29.2601 27.7552 26.1312 27.8121 23.0416 23.2269 22.1322 21.6514 20.385 20.6274 26.1425 18.3726 18.1371 16.4774 16.2865 17.4167 16.1286 15.9014 15.8044 15.6606 15.4846 15.2565 15.0678
threshold=-0.43430997339430782 -0.84056398881020822 0.60094789902564061 0.80668051027275411 -0.098009968066578537 -0.20371145152017001 4.6960518349889684 -0.40855012291498488 -0.21605271675805318 -0.10641733365712565 -0.84565962633170055 0.66808753094073048 1.165458922760547 -0.020536046191542118 -6.1506418130798899 0.47567190902629902 0.17642244450325492 0.12792198110671252 0.4850263947537406 0.098484001773363652 1.5373370979737284 -0.099206502877040123 1.1266891746878374 0.97477267951166457 -0.12458414200987723 -1.0810288421954353 0.27606243939942471 0.1907382335687661 0.99035605572429219 0.95538940345510659
decision_type=2 2 2 2 2 2 2 2 2 2 2 2 2 2 2 2 2 2 2 2 2 2 2 2 2 2 2 2 2 2
left_child=3 7 4 6 19 11 9 -2 -7 10 25 12 -6 28 -9 16 24 -18 -14 26 23 22 -21 -11 -12 -1 -3 -8 -5 -15
right_child=1 2 -4 13 5 8 27 14 -10 20 15 -13 18 29 -16 -17 17 -19 -20 21 -22 -23 -24 -25 -26 -27 -28 -29 -30 -31
leaf_value=-0.027988413863443067 -0.0048209155447855858 0.016781752363764269 0.011456462912538736 0.14608367060651456 0.0075802208772389017 -0.039594357271086462 0.045426670663368793 0.080791603812306184 -0.0093736672769643443 -0.04579600528432988 0.032013209034252414 -0.027312931536680095 0.098053826097143498 0.022094725644979624 0.024056906034352368 0.023132609121916142 0.0024056441346541036 -0.039288937656252305 -0.025228505894753183 0.041012755324854801 0.060496546042277832 0.12454502932999625 -0.05193034529607269 0.0038601451696026472 -0.04766910955520702 0.089246133050207829 -0.035702569977915051 -0.052476774407671532 -0.0074969980579004747 -0.08568832051685496
leaf_weight=10.095541760325434 229.91871808469296 174.02531123161316 2172.3264723420143 13.452915504574777 1457.5130600631237 208.34069831669331 48.347991943359375 43.732401117682457 2803.2078958898783 769.30396836996078 15.958844438195227 117.64382204413414 30.459049597382545 62.58786728978157 1355.9510705918074 52.380121365189552 220.6675319224596 168.62945595383644 9.4909165352582914 146.03827598690987 8.8479660600423795 12.697615236043928 13.014094337821005 43.610070139169693 295.26006604731083 21.06781892478466 44.663303077220917 11.891149461269377 5.4103411734104148 8.3297065794467908
leaf_count=46 976 737 9218 56 6296 970 213 179 12391 3696 67 515 128 270 5670 236 1019 784 40 614 40 53 55 191 1450 95 196 54 23 38
internal_value=-0.000241893 0.00504092 0.00129129 -0.0267679 -0.00310937 -0.00517524 -0.029819 0.0215629 -0.0114833 -0.0319099 -0.0213773 0.00657918 0.00926956 0.0293665 0.0259058 -0.0244769 -0.0280874 -0.0156895 0.0685924 0.0212812 -0.0418989 0.0406556 0.0330011 -0.0431156 -0.0434374 0.051267 0.00587184 0.0252578 0.103622 0.00805339
internal_weight=10574.9 8819.02 7189.42 1755.84 5017.09 4626.66 1666.06 1629.6 3011.55 1605.82 784.059 1615.11 1497.46 89.7808 1399.68 752.896 700.516 389.297 39.95 390.439 821.762 171.75 159.052 812.914 311.219 31.1634 218.689 60.2391 18.8633 70.9176
internal_count=46316 38038 31213 8278 21995 20340 7891 6825 13361 7624 3697 6979 6464 387 5849 3556 3320 1803 168 1655 3927 722 669 3887 1517 141 933 267 79 308
is_linear=0
shrinkage=0.08


Tree=8
num_leaves=31
num_cat=0
split_feature=1 1 6 12 11 10 19 5 11 9 10 3 8 19 18 7 7 3 17 18 3 18 10 14 10 7 7 5 15 6
split_gain=257.638 87.8738 37.7015 26.7489 26.6232 25.9153 36.2266 25.8789 29.2323 25.0989 24.7862 20.4197 19.7181 18.7624 19.4123 16.7201 23.793 27.2654 36.7702 35.6024 25.5809 18.8831 19.5136 16.1328 16.0279 15.8976 15.8522 15.3836 14.3435 14.2782
threshold=-0.14257800505482202 -0.59803360013988216 -1.0530240098385131 -0.26464267124019542 -0.39595574338133571 1.6669362914301431 0.44264180349419452 -0.095561196674967555 0.60094789902564061 0.87447450692874795 -0.61289849690231868 -0.093509187775595734 1.015295699031183 -0.92842111832002705 -0.084011829351026038 0.34136461480722818 1.165458922760547 0.040751222192843918 0.31244741115672564 -0.02228187373995235 -0.061495374519200445 -0.076776298917608135 -0.75655108710651697 -1.5501391662828723 -0.53849437343663642 0.48678963930396557 -1.2107332256636978 1.2793324431049971 -0.55886894308048907 -2.7390279410173148
decision_type=2 2 2 2 2 2 2 2 2 2 2 2 2 2 2 2 2 2 2 2 2 2 2 2 2 2 2 2 2 2
left_child=1 25 5 -3 -5 6 29 12 9 24 -11 26 -4 -7 -15 21 28 19 -19 20 -18 22 -13 -20 -9 -1 -10 -26 -17 -2
right_child=2 3 7 4 -6 13 -8 8 11 10 -12 15 -14 14 -16 16 17 18 23 -21 -22 -23 -24 -25 27 -27 -28 -29 -30 -31
leaf_value=-0.042268174532145805 0.063976587468200619 -0.0019631628924089897 0.027488402549052361 -0.029514528797097921 -0.0093464075295814474 0.061145210545992985 -0.00091294068389050423 -0.023009823520973138 0.011798699225340763 0.092468336267449991 0.007707995537977793 -0.10354818858927922 -0.020672686829068684 -0.05018696185134499 0.0060706274363697245 0.056905198054027092 -0.017741692376599651 0.096165739071084513 0.082522775940942664 -0.072899873457513684 0.031005850316421169 -0.0047320902914314272 0.033115392946411186 0.0026430186166111476 -0.0012718618590131325 0.0020530662019840095 0.1147062419833197 -0.062008986089475908 0.023649475916709066 0.033075725493819541
leaf_weight=761.45254844427109 119.64907048642635 1480.9841741919518 543.12736237049103 644.91434550285339 1204.3281410932541 26.014957249164581 188.02434685826302 285.09339967370033 17.785785377025604 21.354912385344505 1162.3852054476738 5.8168924897909156 59.287437677383423 53.4533371925354 137.6501616537571 106.33399610221386 161.67163203656673 40.863883346319199 17.124596744775772 45.030470624566078 118.12972983717918 538.67582486569881 146.57774949073792 142.45926679670811 1498.0380289256573 54.900605231523514 21.166973531246185 25.990372583270073 397.6534057110548 533.46174678206444
leaf_count=3779 488 6585 2269 3064 5339 107 793 1260 75 92 5001 25 250 223 573 445 679 169 71 189 496 2278 621 594 6498 249 89 114 1675 2226
internal_value=-0.000226793 -0.0157655 0.00981983 -0.00998698 -0.016401 0.0236152 0.029968 0.00708645 0.0050998 0.000283926 0.00933931 0.0132799 0.022697 -0.00097066 -0.0098177 0.011946 0.0184043 0.00643729 0.0295614 -0.00785167 0.00284092 0.00229447 0.0270526 0.0118413 -0.00563681 -0.0392742 0.0697745 -0.0023635 0.0308082 0.038862
internal_weight=10559.4 4146.58 6412.82 3330.23 1849.24 1058.25 841.135 5354.57 4752.15 2992.86 1183.74 1759.29 602.415 217.118 191.103 1720.34 1029.27 525.28 200.448 324.832 279.801 691.07 152.395 159.584 1809.12 816.353 38.9528 1524.03 503.987 653.111
internal_count=46316 19016 27300 14988 8403 4410 3507 22890 20371 12965 5093 7406 2519 903 796 7242 4318 2198 834 1364 1175 2924 646 665 7872 4028 164 6612 2120 2714
is_linear=0
shrinkage=0.08


Tree=9
num_leaves=31
num_cat=0
split_feature=1 1 1 12 6 3 18 3 8 19 10 20 6 6 6 6 9 7 13 18 4 12 7 10 10 19 3 4 4 7
split_gain=222.163 54.347 42.5371 32.1782 23.9649 23.7243 22.1531 19.2052 20.2951 18.5958 20.0763 18.3996 24.2457 18.0537 17.9754 18.6344 15.9881 17.8542 20.3778 17.4101 18.3281 17.2505 16.3987 15.7538 21.4703 16.3529 15.5283 23.5123 15.3912 19.8866
threshold=-0.37672454041847886 0.10990799432192395 -0.59803360013988216 -0.27628405830051367 -1.2093698114989786 0.60770844574838978 -0.084531050802072877 -0.098092844951944272 1.015295699031183 -0.87759787387127386 1.6206627513390151 0.29166666666666669 -2.568476257090865 -0.86468790291393371 3.1176661512298032 0.54350592294490496 -0.20301137022041613 0.084314781456976004 -3.0103336361976605 -0.076776298917608135 -0.079314058488695147 0.49160260040747145 1.165458922760547 1.1463741656665578 0.63350900253627174 0.71635869825582177 0.8374094041714264 0.83048087047396224 -0.096413467144295564 0.13636430734370855
decision_type=2 2 2 2 2 2 2 2 2 2 2 2 2 2 2 2 2 2 2 2 2 2 2 2 2 2 2 2 2 2
left_child=2 3 -1 -2 6 13 9 8 14 -3 11 -11 -13 -4 15 -6 -9 19 21 20 -18 22 -19 24 -17 -25 27 -8 29 -5
right_child=1 4 5 28 7 -7 26 16 -10 10 -12 12 -14 -15 -16 23 17 18 -20 -21 -22 -23 -24 25 -26 -27 -28 -29 -30 -31
leaf_value=-0.036799138430939501 0.0083712388306914475 0.062382832855727863 0.050870844753085516 -0.0074907289605571914 0.039873360755940841 -0.022676931883303993 0.036749479185840393 -0.022937850626733734 -0.028160815204683973 -0.0090945776954685885 -0.050640985098536193 0.096483622826234239 0.00088704044955686067 -0.0059291102713726661 0.081495034466364677 0.0091150783663918808 0.0089867692564893232 0.041473076634911801 0.010719708064837906 -0.0032553247025658861 0.058755946854162078 0.0086278897278235581 0.12232741912201454 0.080209101789397275 -0.065702608997421599 -0.066608737021114153 0.014652099193221893 0.10765453842109719 -0.0095253294841330157 0.057509956551057652
leaf_weight=802.26352907717228 1249.0418420284986 31.310099527239799 36.732715204358101 71.20320463180542 216.56653070449829 886.49907451868057 304.72309826314449 109.97337870299816 42.652210652828217 127.35179516673088 43.27273865044117 28.632923871278763 40.059604346752167 634.35890978574753 37.220980793237686 131.11199079453945 306.99879802763462 56.577011585235596 1765.8416854739189 1177.9476550966501 55.169622451066971 57.168608814477921 23.077568411827087 26.952025368809704 28.916028961539268 4.8253657668828955 179.09470556676388 32.802743777632713 1985.3995594233274 50.379036754369736
leaf_count=4028 5406 128 159 312 899 4166 1264 483 181 529 182 117 167 2855 151 545 1307 237 7471 5033 234 240 95 111 120 20 739 135 8788 214
internal_value=-0.000212212 0.0060226 -0.0218325 -0.00179344 0.011457 -0.0140936 0.0242281 0.00895955 0.0238297 0.00559838 -0.00205507 0.00885127 0.0418784 -0.00271702 0.0288954 0.0238471 0.00690525 0.00786968 0.0130512 0.00145541 0.0167702 0.0427001 0.0665145 0.00555445 -0.00471796 0.0559385 0.0339283 0.0440329 -0.0078262 0.0196442
internal_weight=10544.1 8184.27 2359.85 3356.02 4828.25 1557.59 787.248 4041 488.245 270.627 239.317 196.044 68.6925 671.092 445.593 408.372 3552.75 3442.78 1902.66 1540.12 362.168 136.823 79.6546 191.805 160.028 31.7774 516.621 337.526 2106.98 121.582
internal_count=46316 35108 11208 14720 20388 7180 3261 17127 2027 1123 995 813 284 3014 1846 1695 15100 14617 8043 6574 1541 572 332 796 665 131 2138 1399 9314 526
is_linear=0
shrinkage=0.08


Tree=10
num_leaves=31
num_cat=0
split_feature=1 11 1 14 9 9 20 20 18 6 7 3 13 21 15 8 21 13 18 14 6 9 5 8 8 19 19 6 15 11
split_gain=192.525 63.3559 43.3157 30.3584 20.7893 19.6762 17.3972 21.7335 18.8748 15.9616 15.8015 21.9894 15.8939 17.203 16.1993 15.4513 15.3207 14.9789 18.6656 36.9101 20.3862 18.4468 14.0568 13.1949 13.0772 18.8821 13.8956 13.0738 12.9524 14.1189
threshold=-0.23355813045019849 -0.43430997339430782 1.6310638734927496 -8.2833172873895844 -0.21605271675805318 0.53840886456141723 0.37500000000000006 0.70833333333333337 1.2958012589722705 1.2957842049933352 0.55644255861177994 2.0523021682147129 -0.36792795884805679 0.62500000000000011 2.2505259444448882 -0.47757021446542391 -0.37499999999999994 -0.66795984671685116 -0.060742260152395221 2.2696356615105198 1.1115617758106011 4.3591937161702612 -0.096865736887995449 -0.61352270012927612 -0.10361360212483625 0.26095244400450485 -0.66744356618266631 0.66692293472122033 -0.64072402775028559 0.60094789902564061
decision_type=2 2 2 2 2 2 2 2 2 2 2 2 2 2 2 2 2 2 2 2 2 2 2 2 2 2 2 2 2 2
left_child=1 5 3 16 -3 -1 10 8 -8 24 17 12 -12 28 15 -15 -2 -5 23 -20 27 -22 -11 -19 26 -26 -9 -21 -14 -30
right_child=2 4 -4 6 -6 -7 7 9 -10 22 11 -13 13 14 -16 -17 -18 18 19 20 21 -23 -24 -25 25 -27 -28 -29 29 -31
leaf_value=-0.035577840683295427 0.00031974798388882642 -0.03138666308061925 0.021518597287179905 0.008797970992767112 -0.0053410759508351578 -0.0091160057764863908 0.022245312859512065 0.015761974540221838 -0.015466449751001756 0.05329816317967092 0.034618669977012434 -0.076398485472094588 -0.008243253798343609 0.026345089855744838 0.071249498047667392 -0.038413611227423178 0.04522671851517792 -0.016160368759547024 -0.02141932825080162 0.011661650593416444 0.050244518961292867 -0.064163827227770434 -0.044157311281954728 0.0063217597004175119 0.043246003527211294 0.0019748550946348444 -0.021852652621982042 -0.025044907886091893 0.0027021989505124273 0.025007515614753673
leaf_weight=974.30732923746109 68.729182079434395 216.39004495739937 1139.6784565746784 578.1402163952589 2028.4369770735502 223.29657949507236 828.63181458413601 95.449305161833763 93.39394511282444 9.6620689034461957 140.89752049744129 18.186949044466019 190.68599139153957 28.32600674033165 10.753973901271818 116.90012075006962 169.73194029927254 204.99928078055382 855.65757468342781 155.76950551569462 91.856089115142822 8.8726005554199201 76.006368741393089 876.93014058470726 102.45573653280735 227.35932321846485 177.88439206779003 101.43188261985779 329.76430267095566 407.5938104391098
leaf_count=4975 285 1027 4722 2481 9071 1059 3532 408 402 40 589 77 814 120 46 498 702 876 3724 682 396 38 322 3765 439 981 760 442 1416 1708
internal_value=-0.000288405 -0.0158144 0.00723297 0.00449824 -0.00787251 -0.030668 0.00332795 0.0103735 0.0183973 -0.000362766 0.000565974 0.00809968 0.00943759 0.00611893 -0.0183425 -0.0255882 0.0324001 -0.00269086 -0.00559271 -0.0124005 0.00912588 0.0394125 -0.0324433 0.00203768 0.00422932 0.0149421 -0.00866227 -0.00281687 0.0102615 0.0150689
internal_weight=10548.2 3442.43 7105.75 5966.07 2244.83 1197.6 5727.61 1610.84 922.026 688.817 4116.77 1243.11 1224.92 1084.02 155.98 145.226 238.461 2873.66 2295.52 1213.59 357.93 100.729 85.6684 1081.93 603.149 329.815 273.334 257.201 928.044 737.358
internal_count=46397 16132 30265 25543 10098 6034 24556 6884 3934 2950 17672 5268 5191 4602 664 618 987 12404 9923 5282 1558 434 362 4641 2588 1420 1168 1124 3938 3124
is_linear=0
shrinkage=0.08


Tree=11
num_leaves=31
num_cat=0
split_feature=1 11 1 14 11 1 2 5 9 12 10 12 11 20 10 3 0 20 9 9 3 9 17 10 19 3 19 5 0 11
split_gain=163.799 55.1354 36.4627 25.5556 19.5328 18.8667 21.4501 20.0202 18.5273 18.5239 16.7534 16.5187 15.0194 14.6477 14.4983 13.6281 13.5512 19.2647 13.5878 13.2664 16.8018 19.8933 16.4231 21.3558 18.6204 15.8619 20.5791 13.1488 12.9117 12.9066
threshold=-0.23355813045019849 -0.43430997339430782 1.6310638734927496 -8.2833172873895844 0.60094789902564061 -0.63222531400889304 -0.81374172799248123 0.60829111850746254 -0.21605271675805318 0.35226780451325107 -0.40232372857094684 -0.31813787258229437 -0.039107044926497019 -0.87499999999999989 2.4306246833830061 0.018080190987930508 -0.34249804731766392 0.79166666666666685 6.0260579453551095 0.89928063056787744 -0.096095403773371127 -0.20464862333180175 0.93692539427477961 0.90318777473858669 0.74459145315106756 -0.097160465432023016 -0.080758447381268347 1.2793324431049971 0.30746399991083379 0.14478870720625761
decision_type=2 2 2 2 2 2 2 2 2 2 2 2 2 2 2 2 2 2 2 2 2 2 2 2 2 2 2 2 2 2
left_child=1 5 3 -2 8 7 -7 -1 10 15 29 -8 14 -14 19 -6 -15 18 -18 20 25 -22 23 24 -21 -5 -27 -23 -4 -3
right_child=2 4 28 12 9 6 11 -9 -10 -11 -12 -13 13 16 -16 -17 17 -19 -20 22 21 27 -24 -25 -26 26 -28 -29 -30 -31
leaf_value=0.015477807640074804 0.029663277002357834 -0.0015321063160795335 0.027462593975099932 0.0017100514074453604 0.01591248335167179 0.029390397650284741 -0.0048564124885475827 -0.047432404513765 -0.0076443810335824229 -0.028213925913218047 -0.06435077592102896 -0.032162916166873404 -0.010140987540936211 0.014526989980588446 -0.041338743025546937 0.10411998332529096 0.0070276880266535099 -0.019365170564608451 -0.071350717838636474 0.054204152279913272 -0.050824370261276695 -0.0051929473557261775 -0.00049643719091293473 -0.0097393993396497989 -0.018348854476010954 0.10259287401639337 0.0051668046206898664 -0.04444489050885863 0.010307956015557966 -0.060431159947169528
leaf_weight=34.455183640122414 239.73219877481461 99.283922985196114 625.92023865878582 216.63274143636227 255.00236441195011 49.296367913484573 198.16544863581657 387.38813462853432 1710.6392718851566 61.938477888703346 70.841740861535072 511.44660933315754 317.74907372891903 1210.9516094326973 57.86872173845768 10.656702056527136 1847.692048728466 204.50638473033905 13.04779629409313 129.62962508201599 72.172823444008827 915.14883314073086 530.56073594093323 75.493736565113068 26.477594658732414 24.338545560836792 31.285531923174858 57.064138844609261 517.84214060008526 30.339735567569733
leaf_count=184 987 481 2564 904 1094 243 958 2089 7722 268 345 2560 1353 5091 250 45 7881 879 56 556 324 4031 2292 326 115 106 137 255 2158 143
internal_value=-0.000270597 -0.014658 0.00664444 0.00413305 -0.00726633 -0.0286409 -0.0210132 -0.0422363 -0.0103633 0.0107359 -0.0333219 -0.0245753 0.00305694 0.00621498 -0.00224986 0.0199481 0.00780809 0.00385653 0.00642601 -0.00113273 -0.00599829 -0.0106172 0.00725308 0.0249686 0.0417759 0.0116451 0.0492735 -0.00756112 0.0197252 -0.0158376
internal_weight=10533.6 3419.45 7114.11 5970.35 2238.7 1180.75 758.908 421.843 1911.1 327.598 200.465 709.612 5730.62 3593.95 2136.67 265.659 3276.2 2065.25 1860.74 2078.8 1316.64 1044.39 762.162 231.601 156.107 272.257 55.6241 972.213 1143.76 129.624
internal_count=46397 16132 30265 25543 10098 6034 3761 2273 8691 1407 969 3518 24556 15260 9296 1139 13907 8816 7937 9046 5757 4610 3289 997 671 1147 243 4286 4722 624
is_linear=0
shrinkage=0.08


Tree=12
num_leaves=31
num_cat=0
split_feature=1 11 1 9 11 12 19 21 9 12 7 10 8 5 11 19 20 7 8 0 19 10 9 1 11 15 20 0 8 9
split_gain=139.396 48.0615 30.7513 17.655 17.1137 16.7374 17.981 31.8962 16.0203 15.7442 15.279 14.7615 14.2897 27.0595 16.6542 16.07 21.4503 18.1186 13.7673 16.0869 13.0653 12.8665 22.1812 12.7989 12.8683 12.7827 13.5556 12.4097 12.3393 13.4036
threshold=-0.23355813045019849 -0.44744786892480864 1.6310638734927496 0.52096394817880431 0.60094789902564061 1.2678076358483816 -0.59914271875557523 1.0000000180025095e-35 -0.21605271675805318 0.35226780451325107 1.6919670265472455 -0.40232372857094684 -0.22237324448758075 -0.028934872463527214 -0.38387898800938169 0.33478163847277237 0.29166666666666669 0.16685933180995802 0.40839909335564689 0.67551158938038036 1.0877062789409917 -0.65714177178854427 -0.20301137022041613 0.042554513675170803 -0.48259496056526158 -0.13092667505698916 -0.62499999999999989 -6.1506418130798899 0.2140125971317183 0.53840886456141723
decision_type=2 2 2 2 2 2 2 2 2 2 2 2 2 2 2 2 2 2 2 2 2 2 2 2 2 2 2 2 2 2
left_child=1 3 5 -1 8 6 7 23 11 -6 20 -3 13 -8 -14 16 18 25 -16 -20 -7 22 -19 -2 -25 -17 -27 -4 29 -18
right_child=2 4 27 -5 9 10 12 -9 -10 -11 -12 -13 14 -15 15 17 28 21 19 -21 -22 -23 -24 24 -26 26 -28 -29 -30 -31
leaf_value=-0.03208097492638607 -0.014137582243897866 -0.015018675871652083 0.059394646368822322 -0.0056040218868475856 0.018306778462925867 -0.014959070065280567 -0.018276361647747326 0.032727857324983164 -0.0073764909114192728 -0.026209875102342434 0.065144811326814503 -0.060995466720602159 -0.013038778155662765 0.0077383457949890032 0.0018187938185694832 0.0608186152139907 0.029563768414248674 -0.059974374998076306 0.017928316540751436 0.095077866461048779 0.012961816905978174 0.0086241878132828215 0.12184483728198899 0.11015454362265863 0.0089977635341899048 -0.029108026359468742 -0.0028296547995248058 0.016378380578647912 0.045330942442604133 -0.0075765935735928672
leaf_weight=902.03363761305809 180.80545236170292 129.24588975310326 43.940982162952423 198.27670341730118 266.91500405967236 559.9457141160965 508.51171323657036 392.50869362056255 1770.1245079934597 61.452966243028641 16.721177637577057 68.906811892986298 277.23879577219486 512.13426898419857 727.45599713921547 16.215119302272797 193.05727635324001 5.012522459030154 152.64659875631332 18.61143846809864 131.17331017553806 787.57339665293694 14.204328328371046 7.0292442142963401 467.57426598668098 159.03723691403866 589.60045784711838 1103.0822459459305 166.88300108909607 90.194385036826134
leaf_count=4766 785 626 177 957 1139 2437 2160 1669 8031 268 71 345 1228 2172 3096 70 818 22 648 79 576 3346 60 30 1971 686 2535 4545 702 382
internal_value=-0.000256237 -0.0135891 0.00610336 -0.027332 -0.00698885 0.00379541 0.00534937 0.0147253 -0.00981249 0.00987413 -0.00773856 -0.031338 0.00301387 -0.00521734 0.00564582 0.00742826 0.0138313 0.00191887 0.00665743 0.0269853 -0.00962911 0.0102809 0.0730938 0.00388556 0.0107952 -0.00688828 -0.00846577 0.0180971 0.028072 0.0177131
internal_weight=10518.1 3396.96 7121.16 1100.31 2296.65 5974.13 5266.29 1047.92 1968.28 328.368 707.84 198.153 4218.38 1020.65 3197.73 2920.49 1348.85 1571.64 898.714 171.258 691.119 806.79 19.2169 655.409 474.604 764.853 748.638 1147.02 450.135 283.252
internal_count=46397 16132 30265 5723 10409 25543 22459 4455 9002 1407 3084 971 18004 4332 13672 12444 5725 6719 3823 727 3013 3428 82 2786 2001 3291 3221 4722 1902 1200
is_linear=0
shrinkage=0.08


Tree=13
num_leaves=31
num_cat=0
split_feature=1 1 11 11 20 13 6 6 10 19 13 11 5 1 5 20 21 8 12 2 10 11 6 8 10 8 13 16 16 11
split_gain=120.336 42.0134 28.2825 20.4941 17.5372 31.0246 18.7331 16.7406 16.6412 17.8425 16.5085 23.6386 15.9707 15.2918 14.9745 14.897 14.2256 14.0219 12.9454 12.852 12.419 12.3163 12.8856 22.4081 14.8294 12.1673 11.9731 11.7326 20.1323 20.5874
threshold=-0.46636672838308552 0.23566714492239135 -0.50576951721199193 1.0000000180025095e-35 0.29166666666666669 -3.8311587932792812 -2.4168290329643014 -0.95424299549683778 1.0448519611055578 0.23051342602040495 -0.12876415864928439 -0.31291409406225718 -0.11183420349353639 2.598395309804221 0.0079976149662239031 -0.37499999999999994 0.62500000000000011 -0.44440100224432982 -0.36607702077348131 -0.77701642485973166 -0.21094523520020439 0.82129015925730131 0.60987140415645091 -0.41171740937168794 0.92293641005348892 1.015295699031183 16.063239479804825 0.84322011056123991 1.027182575690976 -0.0068456153142437319
decision_type=2 2 2 2 2 2 2 2 2 2 2 2 2 2 2 2 2 2 2 2 2 2 2 2 2 2 2 2 2 2
left_child=2 3 15 7 5 27 8 19 9 -6 11 -4 -8 -7 -5 -1 -17 -12 25 -2 -13 22 23 24 -14 -9 -16 -3 29 -29
right_child=1 4 10 14 6 13 12 18 -10 -11 17 20 21 -15 26 16 -18 -19 -20 -21 -22 -23 -24 -25 -26 -27 -28 28 -30 -31
leaf_value=-0.053603849504910164 -0.046689753840101628 0.055467018553148888 -0.015475995758827757 0.00084749976543286643 0.10737553985393408 0.00028244985766982833 0.054552399587614007 -0.00085421562939093885 0.010330083848399221 0.013552195032645424 -0.049419951253724198 -0.010015018303030917 0.0068629671065987673 0.018580868175480551 0.02181132945634617 -0.034209641002133771 0.0020384690362148681 -0.01523563868374443 -0.012019420354354184 0.020689978821399106 0.041889021392834326 0.022531317082077455 -0.012684782406431224 0.026120718526712054 -0.035902749429346896 0.052099850212197832 -0.039688358345720161 0.034298799277562506 0.033889085365233815 -0.051915383804593464
leaf_weight=183.21618391573429 18.710867166519165 78.980847522616386 206.32630395889282 1751.4245050549507 39.212255701422691 2220.7556000947952 58.342348173260689 540.65950393676758 41.836339399218559 20.13207383453846 87.493803068995476 40.575674742460251 163.39877668023109 335.6518152654171 358.55192428827286 287.86258493363857 90.161750659346581 618.46102097630501 1761.0676733702421 197.36786198616028 100.17569011449814 438.48509733378887 183.98226578533649 303.40203759074211 74.463089019060135 28.054016038775444 20.258359596133232 29.198933094739914 184.05923071503639 41.263372302055359
leaf_count=1013 79 324 1005 7579 158 9361 238 2405 170 82 419 182 687 1376 1525 1579 498 2959 8030 837 446 1813 774 1285 312 125 88 122 757 169
internal_value=-0.000236648 0.00341194 -0.0203232 -0.0018064 0.00920536 0.00570244 0.0168344 -0.00665137 0.0497843 0.0766444 -0.012551 0.00170114 0.0140503 0.00269728 0.00397871 -0.0348266 -0.0255534 -0.019566 -0.00863163 0.0145745 0.0268835 0.0119554 0.00551803 0.0117419 -0.00658774 0.0018411 0.0183759 0.0286099 0.0200077 -0.0160455
internal_weight=10503.5 8889.26 1614.27 4676.09 4213.16 2889.91 1323.25 2545.86 101.181 59.3443 1053.03 347.078 1222.07 2556.41 2130.23 561.241 378.024 705.955 2329.78 216.079 140.751 1163.73 725.246 541.264 237.862 568.714 378.81 333.502 254.522 70.4623
internal_count=46397 38296 8101 20668 17628 12109 5519 11476 410 240 5011 1633 5109 10737 9192 3090 2077 3378 10560 916 628 4871 3058 2284 999 2530 1613 1372 1048 291
is_linear=0
shrinkage=0.08


Tree=14
num_leaves=31
num_cat=0
split_feature=1 0 11 11 7 13 1 10 9 3 7 14 10 21 20 13 13 10 4 13 11 15 21 20 7 3 15 3 3 12
split_gain=102.988 38.4023 24.9188 24.524 17.9966 18.4188 17.0306 15.5919 20.8422 18.9115 17.8132 21.9799 16.6329 15.2592 15.0684 15.6545 14.6497 14.7945 17.9289 14.196 20.389 13.838 14.9425 13.4594 17.83 12.9867 16.8845 12.8967 14.945 22.0024
threshold=-0.46636672838308552 -0.84056398881020822 -0.50576951721199193 0.60094789902564061 1.6270621709007285 -3.2884541723412259 9.0964824368443704 2.0926462946332527 0.96945214897247289 -0.096095403773371127 -1.3961768901290661 -0.086962664627520031 -0.59930470745707598 0.62500000000000011 0.37500000000000006 -3.6533262614508879 -11.593836256323661 0.34879579756295537 0.97492982342535195 -0.13401717494957188 -0.31291409406225718 -0.05528707189471823 1.0000000180025095e-35 -0.37499999999999994 0.5094969657314411 0.92950826662663399 -3.6033669283409515 -0.10782530044359447 -0.099206502877040123 0.02750375646861911
decision_type=2 2 2 2 2 2 2 2 2 2 2 2 2 2 2 2 2 2 2 2 2 2 2 2 2 2 2 2 2 2
left_child=2 6 23 4 7 -6 14 8 9 10 11 13 -10 -3 15 -2 -14 18 -18 20 -4 22 -16 24 -1 26 -11 -5 29 -29
right_child=1 3 19 27 5 -7 -8 -9 12 25 -12 -13 16 -15 21 -17 17 -19 -20 -21 -22 -23 -24 -25 -26 -27 -28 28 -30 -31
leaf_value=-0.055992010903808238 0.032134908410986388 -0.010098464521579432 -0.014238229050832352 -0.051955908117360831 0.1530528128637538 0.017949786859742974 0.079321574316364163 -0.024218438791615983 0.07065077643193983 0.037002615443449342 0.016002284830178081 -0.069978874147721387 0.047580470220776404 0.10268355985679616 -0.0012671171710769216 0.0051060448658848756 0.034959336754403804 -0.0061710867743499306 0.0038351161145450318 -0.018108018151352424 0.025414078057797895 0.04193679052760408 0.039019054420079254 -0.023848332094233 0.067616408558758404 -0.020712559562186077 -0.0069026520538253856 0.084744576345617148 0.0069385398612069283 0.0047288995849301399
leaf_weight=171.31845417618752 155.13263043761253 38.668787196278572 204.79857313632965 21.690501257777214 5.6173479557037345 151.97987639904022 23.872778534889221 218.7746669203043 24.02060629427433 56.162520483136177 397.57852348685265 36.472095981240273 48.445413962006569 8.2948150783777219 163.38315036892891 1142.2752620577812 156.76340216398239 567.36031375825405 479.63308882713318 704.89165695011616 137.72104775905609 187.90448275208473 90.422447681427002 373.01350612938404 6.7400824576616278 446.82050612568855 2367.3463487029076 38.611671760678291 2012.7829514443874 50.24250839650631
leaf_count=978 633 161 1004 91 23 647 96 948 103 249 1698 156 200 34 675 4764 672 2467 2082 3398 609 772 374 2077 35 2063 10583 160 8436 209
internal_value=-0.000220327 0.00314058 -0.0189085 0.00052301 -0.00253213 0.0239611 0.0137083 -0.00340185 -0.0024091 -0.00572368 0.00892853 -0.0243857 0.00628274 0.0116343 0.0127467 0.00837387 0.00497196 0.00320154 0.0115721 -0.0116234 0.00170341 0.0255061 0.0131545 -0.032678 -0.0508248 -0.008186 -0.00586243 0.0077259 0.00837687 0.040299
internal_weight=10488.7 8890.26 1598.48 7127.27 5003.94 157.597 1762.99 4846.34 4627.57 3351.34 481.014 83.4357 1276.22 46.9636 1739.12 1297.41 1252.2 1203.76 636.396 1047.41 342.52 441.71 253.806 551.072 178.059 2870.33 2423.51 2123.33 2101.64 88.8542
internal_count=46397 38296 8101 30982 22086 670 7314 21416 20468 14944 2049 351 5524 195 7218 5397 5421 5221 2754 5011 1613 1821 1049 3090 1013 12895 10832 8896 8805 369
is_linear=0
shrinkage=0.08


Tree=15
num_leaves=31
num_cat=0
split_feature=11 0 11 10 10 7 5 20 13 15 5 6 20 9 16 10 4 4 16 9 10 9 20 11 7 15 7 5 9 8
split_gain=80.2705 36.5452 22.9162 18.971 20.6743 18.8961 18.486 18.4157 21.2225 17.1602 23.8026 20.4428 15.9641 16.4162 15.7735 19.1881 20.1891 15.4394 15.2604 18.3679 19.1263 16.3746 15.0903 16.1478 21.4262 16.7965 16.296 14.7998 19.8246 15.7967
threshold=-0.48960832462202719 -0.33423018913048613 0.60094789902564061 0.11911219061699312 -0.76996895403164767 -0.51173160857889177 -0.11046565317518366 0.20833333333333334 -5.4513660640673125 -0.67002719833963209 0.691552331130459 -0.16976276610935956 -0.20833333333333329 -0.2279904893815545 0.8374094041714264 -0.61289849690231868 0.95116159132003519 0.72704124615724675 0.95025349597480269 0.14522928678840466 -0.55525637670376837 -0.010860374912219252 -0.45833333333333331 0.66469534859342805 0.36310406233482734 -0.15696199334221042 -1.4450659807459465 0.61276372069889218 -0.070876614795538667 0.081286413554661804
decision_type=2 2 2 2 2 2 2 2 2 2 2 2 2 2 2 2 2 2 2 2 2 2 2 2 2 2 2 2 2 2
left_child=3 7 6 4 -1 -5 -3 8 -2 10 -6 -12 13 -11 -13 -16 -17 -9 19 21 -21 27 23 -4 26 -26 -25 28 -14 -29
right_child=1 2 22 5 9 -7 -8 17 -10 12 11 14 18 -15 15 16 -18 -19 -20 20 -22 -23 -24 24 25 -27 -28 29 -30 -31
leaf_value=-0.060302823931245156 0.032864480367656143 0.026109580591170627 0.066263795102757192 0.060810220881042883 0.088011770879647497 -0.044713892427158668 -0.0048635786954878404 0.02463939784303049 0.0027615033334756406 0.052855406187475661 0.073911990696105032 -0.046667919390173916 0.012375419263999564 -0.040801663245946397 0.083894119932647615 0.019638711020081152 -0.062365156989693971 0.0051482236835786403 -0.046040003774505678 -0.047298212880987352 0.045749571142731087 -0.037935217749934774 0.0020340506001287444 0.034758378714374344 0.0042364929166522824 0.046126207401713915 -0.015687323357152595 0.025366889993615978 0.13785257683388344 -0.064372139015254876
leaf_weight=57.576383769512177 161.63579764962196 125.69902940094471 40.136958256363869 10.272635877132414 20.786294549703598 237.42558796703815 4279.2774029076099 741.33934584259987 1910.7032440304756 11.622905507683752 19.596774503588676 50.322626084089279 35.420996710658073 199.01495851576328 16.320908054709435 55.611507222056389 27.795027941465378 404.16474352777004 52.690950408577919 16.101125866174698 77.243931978940964 91.631159454584122 1285.1317305862904 52.181739926338196 101.97039687633514 155.84511576592922 174.71259860694408 23.175938874483109 9.4515290558338148 24.698666796088219
leaf_count=319 660 516 170 49 115 1234 19172 3110 8126 49 97 267 159 1097 84 279 147 1712 286 81 389 504 5389 216 425 648 739 132 52 142
internal_value=0.000402526 0.00272686 -0.000854662 -0.0207122 -0.0145853 -0.0400173 -0.00397014 0.00964568 0.00513289 -0.0108775 0.00969069 -0.000386289 -0.0181444 -0.0353069 -0.0106785 0.00770183 -0.008044 0.0177854 -0.00707905 0.000436047 0.0291762 -0.0141441 0.00671853 0.0181352 0.0139714 0.0297008 -0.00391125 0.00941732 0.0419673 -0.0211272
internal_weight=10469.6 9432.8 6214.95 1036.76 789.062 247.698 4404.98 3217.84 2072.34 731.485 190.433 169.647 541.052 210.638 150.05 99.7274 83.4065 1145.5 330.414 277.723 93.3451 184.378 1809.98 524.847 484.71 257.816 226.894 92.7471 44.8725 47.8746
internal_count=46365 40883 27275 5482 4199 1283 19688 13608 8786 3880 989 874 2891 1146 777 510 426 4822 1745 1459 470 989 7587 2198 2028 1073 955 485 211 274
is_linear=0
shrinkage=0.08


Tree=16
num_leaves=31
num_cat=0
split_feature=1 11 5 9 10 6 15 7 5 17 5 21 15 7 21 15 17 19 7 7 10 11 19 14 17 11 14 10 7 6
split_gain=78.9189 33.6997 29.2445 28.6382 22.2945 22.2643 31.0109 26.4918 23.9632 21.0383 31.671 21.6282 19.8892 20.4997 20.3434 19.0572 18.5765 17.125 20.8985 19.4189 19.6958 16.7278 17.9511 16.0553 15.4202 19.6111 17.6182 15.2308 15.2026 18.3869
threshold=-0.59803360013988216 0.60094789902564061 -0.095561196674967555 0.94822670106118256 -0.59930470745707598 0.21614685665360109 8.5937553083638942 1.1415508625387076 1.1919422740934047 1.3480122659107139 1.525188452429475 -0.62499999999999989 0.72616741620796821 -0.53024680278758696 1.0000000180025095e-35 -7.1641840165538477 -0.096940512032466244 -0.66744356618266631 -0.20957776887687354 0.12860920516683141 -0.58013645210813036 0.5634247891886156 1.0119906324978831 -0.88817606827177442 1.234460273327344 0.18143890701093565 16.003129180338373 -0.084407890164873087 -0.54087143422460326 -0.099724351959384089
decision_type=2 2 2 2 2 2 2 2 2 2 2 2 2 2 2 2 2 2 2 2 2 2 2 2 2 2 2 2 2 2
left_child=-1 2 16 12 -5 6 7 15 24 -8 -11 -12 13 -4 21 -6 28 19 -19 -16 -21 22 23 -15 -7 26 -26 -24 -2 -30
right_child=1 -3 3 4 5 8 9 -9 -10 10 11 -13 -14 14 17 -17 -18 18 -20 20 -22 -23 27 -25 25 -27 -28 -29 29 -31
leaf_value=-0.024852377350140484 -0.0055695793245894524 0.0094775814905963748 0.0078644322716536676 0.071663144182958285 -0.0093114106141664772 0.0022603420800401995 -0.043177747778775692 0.07982055438631 -0.023093653035032365 0.10168658808339341 0.10908700297737191 -0.037883778766328882 -0.01858988894255164 0.0087708149686139426 0.00027003451601327404 0.020148189268910339 0.11235905023902558 0.018867597862404176 -0.010165770679833128 -0.029285975345867729 0.06164623539169764 -0.064467809301090639 -0.010353793324022972 -0.016008093139910733 0.17792046634755354 -0.053004380165755913 0.003385776053367655 0.077383570672783328 0.045235646756481618 0.010144653324512901
leaf_weight=736.70483580231667 184.67470383644104 2916.6875661462545 763.68030765652657 30.975222542881966 172.59952986240387 456.23400188982487 99.18522572517395 40.560273364186287 310.00078676640987 17.993015453219414 6.2128566205501548 45.977353870868683 688.47814917564392 189.62883719801903 138.49024812877178 730.0655587464571 11.301174148917196 201.68384158611298 725.07341960072517 17.521518543362617 86.115268498659134 37.947817757725716 23.354938492178917 1347.4567987769842 9.2469265758991259 5.1667891293764105 6.0266171097755423 25.315189599990845 142.28344035148621 293.00011198222637
leaf_count=4048 771 12124 3336 131 725 1994 425 169 1358 78 27 197 3227 883 631 3132 46 926 3292 81 373 165 105 6112 40 22 26 111 587 1223
internal_value=0.000369349 0.00228446 -0.00079738 -0.00247671 0.00559687 0.00446851 0.0117502 0.0174166 -0.00581702 -0.0196364 0.0136315 -0.0181046 -0.00615143 -0.00373457 -0.00691283 0.014497 0.0155844 0.00112548 -0.00381828 0.0200229 0.0459989 -0.0127034 -0.0114093 -0.0129389 0.00542335 0.0714278 0.115044 0.0358051 0.0135873 0.0217354
internal_weight=10459.6 9722.94 6806.25 6174.99 1930.24 1899.27 1112.59 943.225 786.675 169.368 70.1832 52.1902 4244.75 3556.27 2792.59 902.665 631.259 1168.88 926.757 242.127 103.637 1623.7 1585.76 1537.09 476.674 20.4403 15.2735 48.6701 619.958 435.284
internal_count=46365 42317 30193 27566 8324 8193 4753 4026 3440 727 302 224 19242 16015 12679 3857 2627 5303 4218 1085 454 7376 7211 6995 2082 88 66 216 2581 1810
is_linear=0
shrinkage=0.08


Tree=17
num_leaves=31
num_cat=0
split_feature=1 11 0 6 6 9 9 20 13 10 10 21 20 19 3 15 11 10 3 3 18 6 19 10 1 7 13 9 7 7
split_gain=67.6658 30.0342 24.7547 22.3259 20.4001 20.687 21.9703 17.373 16.7776 26.4272 19.729 15.6947 15.0961 14.5963 15.3278 14.5139 14.9724 17.4134 14.4684 13.7566 13.7449 13.4208 17.7627 16.481 19.3897 17.1233 16.1631 17.1293 13.924 16.1612
threshold=-0.59803360013988216 1.0000000180025095e-35 -0.34249804731766392 -1.140043180340526 1.6271854824899983 -0.22150779212268537 2.0687081259073339 0.79166666666666685 -1.2326291710802779 1.6206627513390151 -0.69316058688056981 -0.62499999999999989 0.20833333333333334 0.40695611237030205 1.7106569523410424 0.21271322852080762 -0.11843774385011073 0.1109827859512084 -0.058777397062630604 1.6532275262472711 -0.068262102200255401 -0.087465712261567144 0.7542246817623014 1.0659621264414751 -0.3622529437281688 1.165458922760547 0.047618021745207496 -0.20214861590104424 0.37346901714757269 -0.61008596633648571
decision_type=2 2 2 2 2 2 2 2 2 2 2 2 2 2 2 2 2 2 2 2 2 2 2 2 2 2 2 2 2 2
left_child=-1 3 12 11 8 -6 -7 21 9 10 -5 -2 -3 14 19 16 -13 -18 -19 -12 -14 22 23 25 -25 -4 28 -28 29 -23
right_child=1 2 7 4 5 6 -8 -9 -10 -11 13 15 20 -15 -16 -17 17 18 -20 -21 -22 26 -24 24 -26 -27 27 -29 -30 -31
leaf_value=-0.023171842043580013 -0.042110686969848231 0.0080187213102138107 0.015257511581738516 -0.06719671037406455 -0.085526007296488196 0.062450030927937807 -0.028962334949819535 -0.016122343860988937 -0.0082475910830987591 -0.038192887699556886 0.013437039645804068 0.061068196051504667 0.036245484393488882 -0.036449272508904687 -0.026366997701542907 0.0058421698094476004 0.095257315557198186 -0.069687879105071224 0.038935513901071375 0.075601776733077053 0.013299951140939292 0.0040290896373869206 -0.013954799386329238 0.093028656263600976 -0.010571256860759291 0.053491207283080967 0.043484311791109953 0.0017599491915012509 0.0025939585333983124 -0.0383119835779753
leaf_weight=727.40904466807842 23.769409611821175 1286.9781492054462 767.21104043722153 20.516238987445831 7.7792424857616416 72.240179508924484 20.845236778259277 308.30454793572426 2991.0273673087358 85.619180381298065 732.87533730268478 90.05057480931282 283.20938651263714 39.997576862573624 59.406793162226677 136.72340449690819 8.5351349115371686 18.564397916197777 11.867037385702135 22.49260750412941 416.96013012528419 82.449929088354111 167.6600546091795 10.997622668743132 217.57831402122974 82.622151061892509 65.025923624634743 1306.1305748224258 198.00039449334145 185.65953408181667
leaf_count=4048 99 5370 3264 95 33 300 92 1327 13693 379 3257 373 1169 180 252 575 35 78 49 96 1720 355 715 47 908 341 282 5566 840 827
internal_value=0.000341278 0.00210459 0.00610009 -0.00284216 -0.00437951 0.0309206 0.0417441 0.00194021 -0.00529262 0.00389169 0.00806868 0.0185669 0.0131886 0.00998089 0.0123251 0.0242041 0.0433375 0.0014633 -0.0270796 0.015421 0.0226444 0.00375576 0.0101609 0.0139326 -0.00507465 0.0190589 -0.000585588 0.00378373 -0.0134412 -0.0252866
internal_weight=10448.5 9721.1 5378.79 4342.31 4052.8 100.865 93.0854 3391.64 3951.94 960.908 875.289 289.51 1987.15 854.772 814.775 265.741 129.017 38.9666 30.4314 755.368 700.17 3083.34 1246.07 1078.41 228.576 849.833 1837.27 1371.16 466.11 268.109
internal_count=46365 42317 22731 19586 18377 425 392 14472 17952 4259 3880 1209 8259 3785 3605 1110 535 162 127 3353 2889 13145 5275 4560 955 3605 7870 5848 2022 1182
is_linear=0
shrinkage=0.08


Tree=18
num_leaves=31
num_cat=0
split_feature=11 0 0 11 19 5 11 7 19 13 9 6 21 21 8 21 11 7 14 3 11 6 18 4 14 6 11 6 5 18
split_gain=56.1314 25.4994 15.6023 14.636 14.1745 12.7806 18.0791 15.5174 14.431 25.5614 17.2977 16.2505 20.4116 15.6952 13.8412 13.7018 12.858 12.0298 18.3642 13.5199 14.9349 14.6228 13.9057 13.028 12.6144 11.8174 26.3716 15.7759 11.7814 12.9135
threshold=-0.48960832462202719 -0.33423018913048613 -6.1506418130798899 0.60094789902564061 -0.72424960280804151 -0.095561196674967555 0.2654351140871955 -0.30069447764145146 0.37841074311840545 2.3732275391891888 1.5732150983020601 -0.081146091507744128 -0.37499999999999994 0.37500000000000006 0.12865824529729655 -0.37499999999999994 0.37919798997461124 0.084314781456976004 -0.45761508816575153 -0.08959900797258015 -0.19629433846185781 -1.3311195026618721 -0.086121539914187722 -0.096935147672782399 0.078652935439092533 -0.16976276610935956 -0.58613974025168758 0.36078197912543114 0.0079976149662239031 0.6916471309637694
decision_type=2 2 2 2 2 2 2 2 2 2 2 2 2 2 2 2 2 2 2 2 2 2 2 2 2 2 2 2 2 2
left_child=4 2 -2 5 25 6 -3 8 9 11 -11 -7 -13 16 -14 -8 -10 19 -19 23 21 -21 -22 -9 -24 26 -1 -27 -5 -30
right_child=1 3 -4 28 -6 7 15 17 13 10 -12 12 14 -15 -16 -17 -18 18 -20 20 22 -23 24 -25 -26 27 -28 -29 29 -31
leaf_value=0.18193123806922881 0.053841451074556818 0.020539894003996945 0.0073196566414008074 0.0015519914166694151 -0.021712199230563205 0.01200712305702234 -0.077663606269147659 0.042801536326993038 0.0050409675567505271 0.1461861667434691 0.023631017137874667 -0.055054954202266283 -0.010625066572882248 -0.032551106342794928 0.042073069003447858 -0.0018248501236632117 -0.04655588750532566 0.013845339916111341 -0.0080069236982042921 0.071504882895820909 0.076255887111360277 -0.025597636886591803 -0.014356646120331809 -0.057961056481456934 0.013748446464846671 -0.020010690502741468 0.012482128418574295 0.075897937177215172 0.033077247794157383 0.0053728258824680261
leaf_weight=5.7224971055984488 45.744489699602127 281.10066479444504 3180.2769503891468 1364.6077557951212 849.8080213367939 661.54109616577625 20.215730503201485 8.2559456676244718 308.72781498730183 12.649501949548723 17.580030620098114 53.675281330943108 153.17274297773838 131.1693599820137 39.002426847815514 54.335432484745979 33.133933156728745 299.51785485446453 1349.7325469255447 8.9796276241540891 12.700008243322371 412.55358685553074 304.02547810971737 70.792423650622368 152.20436926186085 102.71600066125393 41.888761058449745 11.056355908513067 179.18852639198303 271.77537159621716
leaf_count=29 184 1166 13424 5730 4644 2903 89 40 1390 56 77 246 697 598 181 237 146 1303 6126 38 56 1928 1371 355 685 546 212 51 733 1124
internal_value=0.000312131 0.00223545 0.00800282 -0.000764181 -0.0175873 -0.00326666 0.0112368 -0.00455273 0.00220363 0.00795474 0.0789193 0.00547625 -0.0120216 -0.00916195 0.000202812 -0.0234527 -7.02808e-05 -0.00819611 -0.00402392 -0.0152674 -0.012395 -0.0233036 -0.00252906 -0.046805 -0.00494271 0.00405981 0.0370664 -0.00989106 0.00527151 0.0164662
internal_weight=10437.9 9426.66 3226.02 6200.64 1011.19 4385.07 355.652 4029.41 1410.65 937.621 30.2295 907.392 245.85 473.031 192.175 74.5512 341.862 2618.76 1649.25 969.511 890.463 421.533 468.93 79.0484 456.23 161.384 47.6113 113.772 1815.57 450.964
internal_count=46365 40883 13608 27275 5482 19688 1492 18196 6294 4160 133 4027 1124 2134 878 326 1536 11902 7429 4473 4078 1966 2112 395 2056 838 241 597 7587 1857
is_linear=0
shrinkage=0.08


Tree=19
num_leaves=31
num_cat=0
split_feature=11 0 7 21 7 3 10 10 20 11 20 20 13 8 8 6 4 5 5 18 13 0 20 13 13 21 9 6 17 6
split_gain=48.1042 22.9695 20.2113 19.9006 33.3605 24.4415 22.9766 22.7996 20.6091 17.4633 17.2658 17.7882 18.767 18.4556 15.7976 15.6631 18.9334 18.701 19.4468 20.1356 14.7998 14.3323 14.6553 19.6693 14.3312 22.2212 16.1406 13.7988 27.7826 16.6858
threshold=-0.43430997339430782 -0.33423018913048613 0.80668051027275411 0.37500000000000006 -0.78726853934684493 1.1421284060755099 0.1109827859512084 -0.33504746043617051 -0.37499999999999994 -0.46942212045874893 0.70833333333333337 0.37500000000000006 -10.567721930974997 -0.76626197942163232 -0.4199366222073132 -0.20435107952170875 0.77235563277968733 0.80965193870439489 0.83055532279193078 0.84081848078386245 3.3204001244820605 -6.1506418130798899 0.20833333333333334 -3.6533262614508879 0.061791063836265821 1.0000000180025095e-35 0.50470340875233555 0.36078197912543114 0.96952838853825651 -0.82607745781345232
decision_type=2 2 2 2 2 2 2 2 2 2 2 2 2 2 2 2 2 2 2 2 2 2 2 2 2 2 2 2 2 2
left_child=2 21 3 4 20 6 24 -7 -5 15 11 12 -3 -13 -4 -10 -17 -18 -19 -20 -1 -2 23 -23 25 26 -6 29 -29 -8
right_child=1 10 14 8 5 7 27 -9 9 -11 -12 13 -14 -15 -16 16 17 18 19 -21 -22 22 -24 -25 -26 -27 -28 28 -30 -31
leaf_value=0.03849986640881501 0.052597257462884919 0.031525336414167875 0.082507324216725811 -0.052069284493532431 -0.010772723425431134 -0.02745233291872105 0.040413973519113675 0.10287148980765841 -0.05014235156376172 -0.060137578988162015 -0.011449348757691529 -0.017100316113074193 -0.001940966768111164 0.015263721775404684 0.0048827105229207642 -0.028406232509339661 0.12852247467649355 -0.07023704435624821 0.15027975695772516 0.011599686789404052 0.17201551024078107 0.026704820048983332 0.014963559201791231 0.00057096592187863636 -0.01997403353297366 0.049841974491904487 0.044348837370086873 -0.015294811027798194 0.15860840145406582 -0.044758563230831369
leaf_weight=38.200756818056107 44.695048168301582 109.04587385058403 20.974400863051414 153.49988669157028 254.22881995141506 13.038832083344458 14.635083213448523 21.264891177415848 49.992896854877472 50.353714033961296 780.19528186321259 128.59094975888729 3904.9618073552847 851.99291218817234 71.28376904129982 101.799914047122 7.6874637007713309 16.407560616731644 5.919702783226966 127.62783080339432 5.3577679991722098 205.01687532663345 1079.6121827065945 1746.4825247526169 229.29072064161301 59.228588938713074 37.988492965698242 55.177700862288475 5.3616586178541175 237.08181186020374
leaf_count=172 180 446 90 864 1334 66 65 100 266 241 3425 559 17093 3716 312 586 40 86 29 687 23 836 4503 7387 1233 308 173 272 25 1248
internal_value=0.000288465 0.00258325 -0.01258 -0.0148475 -0.00807704 -0.0113305 -0.0139124 0.0537439 -0.0275815 -0.0169624 -0.00038941 0.00133817 -0.00101967 0.0109917 0.0234914 -0.0096928 -0.00165742 0.0156246 0.00878308 0.0191195 0.0593621 0.00816625 0.00748658 0.00333736 -0.00445693 0.00566625 -0.00341391 -0.0313752 0.00269598 -0.0395908
internal_weight=10427 8850.59 1576.4 1484.14 970.855 927.297 892.993 34.3037 513.289 359.789 5774.79 4994.59 4014.01 980.584 92.2582 309.435 259.442 157.643 149.955 133.548 43.5585 3075.81 3031.11 1951.5 580.737 351.446 292.217 312.256 60.5394 251.717
internal_count=46365 38145 8220 7818 5019 4824 4658 166 2799 1935 25239 21814 17539 4275 402 1694 1428 842 802 716 195 12906 12726 8223 3048 1815 1507 1610 297 1313
is_linear=0
shrinkage=0.08


end of trees

feature_importances:
Column_11=69
Column_7=53
Column_6=44
Column_10=43
Column_9=41
Column_1=39
Column_5=38
Column_3=30
Column_20=29
Column_19=28
Column_13=26
Column_0=24
Column_8=21
Column_21=20
Column_14=19
Column_18=18
Column_15=16
Column_12=15
Column_17=11
Column_4=9
Column_16=5
Column_2=2

parameters:
[boosting: gbdt]
[objective: binary]
[metric: binary_logloss]
[tree_learner: serial]
[device_type: cpu]
[data_sample_strategy: bagging]
[data: ]
[valid: ]
[num_iterations: 400]
[learning_rate: 0.08]
[num_leaves: 31]
[num_threads: 0]
[seed: 42]
[deterministic: 0]
[force_col_wise: 0]
[force_row_wise: 0]
[histogram_pool_size: -1]
[max_depth: 10]
[min_data_in_leaf: 20]
[min_sum_hessian_in_leaf: 0.001]
[bagging_fraction: 0.85]
[pos_bagging_fraction: 1]
[neg_bagging_fraction: 1]
[bagging_freq: 5]
[bagging_seed: 400]
[bagging_by_query: 0]
[feature_fraction: 0.85]
[feature_fraction_bynode: 1]
[feature_fraction_seed: 30056]
[extra_trees: 0]
[extra_seed: 12879]
[early_stopping_round: 0]
[early_stopping_min_delta: 0]
[first_metric_only: 0]
[max_delta_step: 0]
[lambda_l1: 0.15]
[lambda_l2: 1.2]
[linear_lambda: 0]
[min_gain_to_split: 0]
[drop_rate: 0.1]
[max_drop: 50]
[skip_drop: 0.5]
[xgboost_dart_mode: 0]
[uniform_drop: 0]
[drop_seed: 17869]
[top_rate: 0.2]
[other_rate: 0.1]
[min_data_per_group: 100]
[max_cat_threshold: 32]
[cat_l2: 10]
[cat_smooth: 10]
[max_cat_to_onehot: 4]
[top_k: 20]
[monotone_constraints: ]
[monotone_constraints_method: basic]
[monotone_penalty: 0]
[feature_contri: ]
[forcedsplits_filename: ]
[refit_decay_rate: 0.9]
[cegb_tradeoff: 1]
[cegb_penalty_split: 0]
[cegb_penalty_feature_lazy: ]
[cegb_penalty_feature_coupled: ]
[path_smooth: 0]
[interaction_constraints: ]
[verbosity: -1]
[saved_feature_importance_type: 0]
[use_quantized_grad: 0]
[num_grad_quant_bins: 4]
[quant_train_renew_leaf: 0]
[stochastic_rounding: 1]
[linear_tree: 0]
[max_bin: 255]
[max_bin_by_feature: ]
[min_data_in_bin: 3]
[bin_construct_sample_cnt: 200000]
[data_random_seed: 175]
[is_enable_sparse: 1]
[enable_bundle: 1]
[use_missing: 1]
[zero_as_missing: 0]
[feature_pre_filter: 1]
[pre_partition: 0]
[two_round: 0]
[header: 0]
[label_column: ]
[weight_column: ]
[group_column: ]
[ignore_column: ]
[categorical_feature: ]
[forcedbins_filename: ]
[precise_float_parser: 0]
[parser_config_file: ]
[objective_seed: 16083]
[num_class: 1]
[is_unbalance: 0]
[scale_pos_weight: 1]
[sigmoid: 1]
[boost_from_average: 1]
[reg_sqrt: 0]
[alpha: 0.9]
[fair_c: 1]
[poisson_max_delta_step: 0.7]
[tweedie_variance_power: 1.5]
[lambdarank_truncation_level: 30]
[lambdarank_norm: 1]
[label_gain: ]
[lambdarank_position_bias_regularization: 0]
[eval_at: ]
[multi_error_top_k: 1]
[auc_mu_weights: ]
[num_machines: 1]
[local_listen_port: 12400]
[time_out: 120]
[machine_list_filename: ]
[machines: ]
[gpu_platform_id: -1]
[gpu_device_id: -1]
[gpu_use_dp: 0]
[num_gpu: 1]

end of parameters

pandas_categorical:null
