tree
version=v4
num_class=1
num_tree_per_iteration=1
label_index=0
max_feature_idx=22
objective=binary sigmoid:1
feature_names=Column_0 Column_1 Column_2 Column_3 Column_4 Column_5 Column_6 Column_7 Column_8 Column_9 Column_10 Column_11 Column_12 Column_13 Column_14 Column_15 Column_16 Column_17 Column_18 Column_19 Column_20 Column_21 Column_22
feature_infos=[-33.525241099345159:31.970689464944886] [-0.93481833759014477:46.979919728617126] [-1.7239576645140984:340.38262680556846] [-0.56794369988791593:2.2232902840342899] [-0.56863447529559175:2.2165283584057964] [-0.56433541851715341:2.1784696900218989] [-9.7690032458582632:6.4345110967112387] [-6.2417537537990953:4.5280429774397977] [-2.2421987426678123:2.189649955915506] [-0.49629228541367371:12.52354194129682] [-0.99727116426223794:14.065029516137542] [-0.99478095704618963:17.272668205051119] [-1.5274305435795619:22.280073057297564] [-21.960586203478254:17.504157547551003] [-20.151853979785091:16.872702490947425] [-21.680627186226829:19.214018693739071] [-0.56813334193005882:2.2235188576689624] [-0.56145494359329562:2.2126165860596285] [-0.57948563049868551:2.2463939414454823] [-2.2181486755412516:2.1238230023360041] [-1:0.91666666666666663] [-0.75:0.75] [0:1]
tree_sizes=3458 3490 3493 3501 3504 3513 3521 3496 3484 3495 3510 3527 3524 3523 3518 3509 3505 3510 3511 3508 3498

Tree=0
num_leaves=31
num_cat=0
split_feature=19 7 7 11 11 11 11 10 21 17 21 21 19 19 9 11 7 10 10 11 11 11 11 20 9 5 18 9 9 11
split_gain=141.197 134.149 102.213 78.5366 74.4933 70.4022 62.4096 41.8594 38.859 38.0938 36.765 36.1922 52.9118 36.1731 32.293 25.5759 25.6757 27.9506 24.6639 23.4898 30.4928 23.3745 23.0962 21.8463 32.6771 22.3386 21.5891 28.3936 24.9714 26.0055
threshold=-0.67621392493279198 0.76449998874517944 -0.52260565687606186 -0.9044293103699671 -0.55356648850856216 1.7825684853022896 0.45567648229895724 -0.62963553143821049 -1.0000000180025095e-35 1.7193150559916808 1.0000000180025095e-35 -1.0000000180025095e-35 0.087614316414989971 0.044582529345626294 -0.33589697574380745 -0.011918795688873565 0.70168812691303928 1.4399649312662859 -0.4507812156738093 -0.3916920409988468 0.0057182595105135887 -0.72104196044119628 2.517498624694559 -0.29166666666666657 3.3476327555482039 1.1592621770869049 -0.1318546672712145 1.230366241196426 -0.22587927340464389 -0.035620274599419056
decision_type=2 2 2 2 2 2 2 2 2 2 2 2 2 2 2 2 2 2 2 2 2 2 2 2 2 2 2 2 2 2
left_child=10 2 7 -4 21 6 13 -2 -7 26 15 19 22 -6 -8 16 17 -1 -12 -9 -21 -5 -13 24 -14 -25 28 -28 -3 -30
right_child=1 9 3 4 5 8 14 11 -10 -11 18 12 23 -15 -16 -17 -18 -19 -20 20 -22 -23 -24 25 -26 -27 27 -29 29 -31
leaf_value=-0.32871664547530094 -0.35006161242519951 -0.32089219044968154 -0.30119332036553775 -0.37598881907920001 -0.33020880085864857 -0.33621424860992605 -0.35986337431773918 -0.29151030478947715 -0.36233551699778932 -0.34871668597028699 -0.32193641892522007 -0.31946447196163913 -0.3559525399908095 -0.34075161425878836 -0.31657172423410695 -0.31370782391162305 -0.29948978105730878 -0.37164763157320124 -0.30111911959122778 -0.33235039106060427 -0.31003079822882007 -0.35010657984878762 -0.28418558627043233 -0.32457853927645713 -0.26199255825537171 -0.35769477592010179 -0.32891775843851284 -0.30908033842255894 -0.29142221036650057 -0.31376330934291413
leaf_weight=453.71247398853302 135.57824464142323 357.07950608432293 149.93931543827057 123.40784566104412 1406.8981221318245 238.29641203582287 45.273884207010269 104.42202325165272 358.05313800275326 92.738440230488777 192.77911984920502 423.28647653758526 191.07526399195194 1934.6066219210625 620.69034799933434 631.88711506128311 66.693786412477493 40.405724614858627 556.67404936254025 219.55399760603905 498.98635819554329 311.80562187731266 51.359083697199821 276.51146483421326 8.7626872658729535 61.338810861110687 515.53810080885887 276.02464887499809 236.83596415817738 295.0104712843895
leaf_count=1864 557 1467 616 507 5780 979 186 429 1471 381 792 1739 785 7948 2550 2596 274 166 2287 902 2050 1281 211 1136 36 252 2118 1134 973 1212
internal_value=-0.327344 -0.33 -0.33305 -0.336732 -0.337795 -0.33592 -0.33353 -0.32336 -0.351938 -0.317693 -0.315129 -0.321373 -0.327701 -0.336316 -0.319566 -0.320598 -0.328363 -0.332319 -0.306452 -0.313593 -0.316855 -0.357551 -0.315553 -0.338437 -0.351501 -0.330647 -0.315966 -0.321992 -0.310619 -0.303756
internal_weight=10875.2 8933.07 7159.85 5188.97 5039.03 4603.82 4007.47 1970.87 596.35 1773.23 1942.15 1835.3 1012.33 3341.5 665.964 1192.7 560.812 494.118 749.453 822.962 718.54 435.213 474.646 537.688 199.838 337.85 1680.49 791.563 888.926 531.846
internal_count=44679 36700 29415 21318 20702 18914 16464 8097 2450 7285 7979 7540 4159 13728 2736 4900 2304 2030 3079 3381 2952 1788 1950 2209 821 1388 6904 3252 3652 2185
is_linear=0
shrinkage=1


Tree=1
num_leaves=31
num_cat=0
split_feature=1 0 1 11 19 21 19 10 1 17 13 5 7 6 21 7 6 13 11 11 6 7 20 9 21 21 11 7 9 17
split_gain=393.78 126.245 77.7073 54.3319 45.5614 74.9426 35.4997 30.3114 28.3612 26.125 25.8964 22.7666 21.3816 21.4773 26.1627 20.9887 25.0385 20.2757 20.6071 22.3421 17.9013 17.6882 17.1209 16.6932 16.7147 15.9188 15.5594 15.3894 15.8087 26.8077
threshold=-0.35994476788370217 -0.81618198500991179 -0.6973037276612345 -0.82182322118940199 0.087614316414989971 0.37500000000000006 0.1957029299471322 2.8174711692525496 -0.05399491497865181 1.7193150559916808 -2.044776774524907 -0.358291771996953 0.9055088238802943 -0.35860470857728932 0.62500000000000011 1.0511595208978959 1.4437945071391636 -2.1327453058239976 -0.82182322118940199 -0.099442836923314445 -1.6734583332213877 0.7471615478429886 -0.37499999999999994 0.20005560179956128 -0.37499999999999994 1.0000000180025095e-35 0.74389759417343426 0.82915891293963651 0.046314519831021535 0.74324321889397404
decision_type=2 2 2 2 2 2 2 2 2 2 2 2 2 2 2 2 2 2 2 2 2 2 2 2 2 2 2 2 2 2
left_child=2 9 -1 11 7 8 12 10 -6 17 -5 -3 13 14 25 16 -12 -2 -19 21 -10 -20 -8 -13 -25 -4 -9 28 -7 -30
right_child=1 3 6 4 5 27 22 26 20 -11 15 23 -14 -15 -16 -17 -18 18 19 -21 -22 -23 -24 24 -26 -27 -28 -29 29 -31
leaf_value=-0.038146965401054195 0.033361433667381327 0.016345555462575361 0.0071304281762741492 0.018083281058350931 -0.0062714514896582392 -0.028410346991954397 -0.028805083522097735 -0.040508705322470313 -0.01510187849571294 -0.0086507367707620211 0.0016061851229354643 0.085247659420481237 0.017770335272428765 -0.012665646031132273 0.039606065258500078 0.016046673652299774 0.028726697832170314 0.03629313718314383 0.0012792518571982734 0.019351079601066471 0.0069273815905527133 0.029207431916442962 -0.014947105623609937 -0.040868487361011889 0.046777108462976585 -0.017629163821620761 -0.0022012603562266658 -0.0036310602611431004 0.0050166823795628436 -0.025347850794716728
leaf_weight=347.1924956291914 212.73286399245262 304.573052495718 152.01273411512375 435.19587847590446 755.89127178490162 296.10708835721016 368.89707428216934 49.19041782617569 97.402994588017464 89.856742605566978 1911.4217156916857 21.520092591643333 75.757406190037727 1071.3189338594675 39.888427317142487 352.2490211725235 88.121838241815567 124.3208684027195 367.87254063785076 940.75940117239952 1453.9052883684635 66.146332815289497 580.56116634607315 6.3639240562915829 20.534656599164009 111.64655271172523 57.057193323969841 183.79882317781448 129.49498619139194 163.21682994067669
leaf_count=1431 872 1247 625 1785 3109 1219 1519 202 400 369 7849 88 311 4406 164 1445 362 509 1511 3860 5973 271 2390 26 84 459 234 754 533 672
internal_value=0.000304428 0.00583658 -0.0160566 0.00250894 0.00137984 -0.0028512 -0.0128444 0.00588489 0.00166182 0.0175099 0.00688783 0.0215427 -0.00791045 -0.00934102 0.0023793 0.0048072 0.00281767 0.0188903 0.0168125 0.0150221 0.00553216 0.00560448 -0.0203613 0.0531411 0.0251402 -0.00336213 -0.0201958 -0.0163192 -0.0202584 -0.0119263
internal_weight=10875 8127.73 2747.27 6326.05 5973.05 3079.82 2400.08 2893.24 2307.2 1801.69 2786.99 352.992 1450.62 1374.87 303.548 2351.79 1999.54 1711.83 1499.1 1374.78 1551.31 434.019 949.458 48.4187 26.8986 263.659 106.248 772.618 588.819 292.712
internal_count=44679 33374 11305 25982 24537 12660 9874 11877 9482 7392 11441 1445 5965 5654 1248 9656 8211 7023 6151 5642 6373 1782 3909 198 110 1084 436 3178 2424 1205
is_linear=0
shrinkage=0.05


Tree=2
num_leaves=31
num_cat=0
split_feature=1 0 1 1 2 17 4 5 13 7 13 10 7 0 10 13 7 8 8 20 8 2 20 6 10 18 7 17 20 10
split_gain=356.132 113.524 72.235 43.6433 37.0997 23.4962 23.0411 30.6034 27.6089 24.6055 24.4889 23.4522 20.3597 19.0465 18.4773 18.1167 17.4513 17.4359 17.0149 16.1438 23.9595 16.2949 15.6091 15.3672 15.1708 14.1637 14.149 13.6269 13.3226 19.2544
threshold=-0.35994476788370217 -0.81618198500991179 -0.73400881850102284 0.07142052872353008 0.81617063555022884 1.7193150559916808 -0.42906332668054697 -0.53499903707773189 -0.045439987334880153 0.59745252830846007 -0.067652841660642102 -0.4451156971852091 -1.6870500254472707 0.23514398734528061 0.35270155292442223 -2.1327453058239976 0.25090362633607571 -0.13625619866538094 0.63835708414593928 -0.79166666666666663 -0.35805640462938437 0.3956241121504977 0.62500000000000011 3.0136760285986086 1.4399649312662859 0.63269306239681666 0.14254887169706346 -0.22900199996193776 0.54166666666666685 1.6466418903088635
decision_type=2 2 2 2 2 2 2 2 2 2 2 2 2 2 2 2 2 2 2 2 2 2 2 2 2 2 2 2 2 2
left_child=2 5 -1 12 28 15 7 8 11 10 14 -4 -3 19 17 -2 -16 -8 26 20 -14 -21 -15 27 -13 -11 -17 -20 -5 -30
right_child=1 3 6 4 -6 -7 9 -9 -10 25 -12 24 13 22 16 18 -18 -19 23 21 -22 -23 -24 -25 -26 -27 -28 -29 29 -31
leaf_value=-0.043002077610875121 0.031542530308730624 -0.033388700653117796 -0.029174355763829235 0.01124884616257024 -0.0025251773637445544 -0.0082347334340330414 0.0015035209977830868 0.018873849529034318 -0.024479551522025692 0.0070357691040797213 -0.021980405047560232 0.040970943525563762 0.015089071161650364 -0.0039277478931629278 -0.016388918974288139 0.0092647639076125464 -0.05421479002911056 -0.015721462730566713 0.049122561960427052 0.0065260392796701681 -0.020337702766819225 -0.0057831250576176651 -0.019582987656784196 -0.0357141038587898 -0.024137424424461418 -0.017214550490664105 0.019720021656343529 0.020564421831580942 -0.00096395642783329556 0.027922910024138516
leaf_weight=216.03649295866489 213.77961561083794 50.130137920379639 23.770333558320999 1967.6816234737635 894.04517272114754 89.730164304375648 347.97815263271332 123.81610335409641 149.94095477461815 185.21619845926762 1047.515711247921 46.639559134840965 65.330442741513252 938.82715760171413 212.75066511332989 733.26205429434776 35.233218252658844 252.48877611756325 76.731197267770767 1150.1020518988371 169.2006950378418 349.54255682229996 191.34438714385033 7.5830529332160941 10.209556460380552 87.957481384277344 587.37757623195648 97.950375944375992 487.51682965457439 64.381096035242081
leaf_count=897 872 206 98 8068 3671 369 1433 511 619 762 4326 192 268 3860 876 3003 145 1042 314 4726 696 1437 787 31 42 362 2402 401 1999 264
internal_value=0.000288657 0.00554038 -0.0152997 0.00238249 0.00621883 0.0165927 -0.01291 -0.00107097 -0.0118386 -0.0148405 -0.016861 0.0116223 -0.00210976 -0.00154913 -0.0105162 0.0178973 -0.0219794 -0.00574515 0.0159334 0.00174004 -0.0104259 0.0036517 -0.00659766 0.0302659 0.0289766 -0.000788511 0.0139301 0.0333456 0.0093233 0.00244118
internal_weight=10874.1 8134.52 2739.55 6328.1 3413.62 1806.41 2523.52 354.377 230.56 2169.14 1895.97 80.6194 2914.48 2864.35 848.451 1716.68 247.984 600.467 1502.9 1734.18 234.531 1499.64 1130.17 182.265 56.8491 273.174 1320.64 174.682 2519.58 551.898
internal_count=44679 33374 11305 25982 14002 7392 10408 1462 951 8946 7822 332 11980 11774 3496 7023 1021 2475 6151 7127 964 6163 4647 746 234 1124 5405 715 10331 2263
is_linear=0
shrinkage=0.05


Tree=3
num_leaves=31
num_cat=0
split_feature=0 7 7 11 11 19 22 11 14 10 10 11 13 19 12 11 18 13 3 18 15 11 19 13 6 11 10 6 19 19
split_gain=231.85 76.5662 69.1016 46.5978 56.3468 41.397 45.3197 41.3171 32.2244 28.9491 28.3551 24.6873 25.4684 24.6119 26.9826 22.2347 28.4004 22.5183 22.118 21.6477 21.4792 20.2482 18.7302 20.0634 18.5864 18.229 17.8344 20.0769 19.8153 17.3958
threshold=-0.56265912280736219 0.73223912312510386 -0.54514068365452129 -0.9044293103699671 -0.72104196044119628 -0.64764991237245306 1.0000000180025095e-35 1.6949226551511354 -1.1597200131928942 2.2704162398233012 -0.62963553143821049 -0.82182322118940199 -2.1327453058239976 0.3634405937389199 0.2190208619565305 0.3727907323445005 0.63269306239681666 0.6497342608335287 -0.21487350510884376 1.2916701026756476 0.11408309239475899 -0.13190061212624435 0.035281101460178536 0.21336083804666126 0.86234866385922915 2.517498624694559 2.6886347111605504 -0.2352733043841401 0.25560246117494295 -0.81129323744021875
decision_type=2 2 2 2 2 2 2 2 2 2 2 2 2 2 2 2 2 2 2 2 2 2 2 2 2 2 2 2 2 2
left_child=11 2 10 -4 -5 9 8 -8 -7 24 18 -1 -13 25 -15 16 17 22 20 21 -2 -14 23 -3 -6 -12 27 -17 -29 -21
right_child=1 15 3 4 5 6 7 -9 -10 -11 13 12 19 14 -16 26 -18 -19 -20 29 -22 -23 -24 -25 -26 -27 -28 28 -30 -31
leaf_value=0.033045936788789081 -0.019738313415785927 0.026797181802992655 0.021843635025827323 -0.040815372496616938 0.0033775403317481733 0.0076379716764504446 -0.015500483125806331 -0.045119590883805905 -0.0091019169259298326 -0.03456458448702291 0.0069927785492809331 0.026214862940186292 0.0044712991937733027 -0.012529526665168142 0.009501537996266728 0.016755230636938092 -0.0037513704987488031 0.032555399360024981 -0.042818909261539778 0.020187721752966761 0.037197732669293555 0.015778972917260926 0.0028937216822582093 -0.017392073970737585 0.040804473987224248 0.027855901295323272 0.029385507320927248 0.0014264239457162445 -0.018483032281250089 -0.011884531933140371
leaf_weight=153.21916243433952 50.322821199893951 213.45248810946941 119.16380098462105 140.21886293590069 604.25793784856796 321.72451514005661 1084.45647752285 131.83859585225582 2626.1503556370735 47.627419501543045 839.72984200716019 289.82454757392406 583.19415847957134 337.17146420478821 234.8157355338335 103.06833486258984 242.08276662230492 159.6090734899044 56.283590748906136 54.758559226989746 23.451188191771507 1247.8149720728397 304.44660231471062 28.346133604645729 34.162236586213112 119.15799747407436 43.979434132575989 282.39997565746307 222.40489572286606 173.48816046118736
leaf_count=623 208 873 486 585 2481 1322 4484 548 10830 196 3445 1180 2391 1387 964 422 995 652 233 224 97 5101 1248 116 140 488 180 1156 912 712
internal_value=0.000272533 -0.00371935 -0.00604418 -0.00892394 -0.00966385 -0.00875401 -0.0106288 -0.0187495 -0.0072713 0.00261739 0.00281197 0.0136237 0.0123413 0.00472273 -0.00347567 0.00611416 0.0109986 0.0160626 -0.0195053 0.0103745 -0.00131726 0.0121845 0.0111837 0.021546 0.00544878 0.0096169 -0.000987235 -0.00323756 -0.00735452 -0.00411379
internal_weight=10872.6 8370.32 6770.53 5109.6 4990.44 4850.22 4164.17 1216.3 2947.87 686.048 1660.93 2502.3 2349.08 1530.88 571.987 1599.79 947.937 705.854 130.058 2059.26 73.774 1831.01 546.245 241.799 638.42 958.888 651.853 607.873 504.805 228.247
internal_count=44679 34448 27894 21072 20586 20001 17184 5032 12152 2817 6822 10231 9608 6284 2351 6554 3884 2889 538 8428 305 7492 2237 989 2621 3933 2670 2490 2068 936
is_linear=0
shrinkage=0.05


Tree=4
num_leaves=31
num_cat=0
split_feature=1 0 1 11 19 1 11 13 2 11 19 21 2 21 6 4 11 1 17 5 21 1 6 15 17 10 14 11 14 13
split_gain=302.258 92.636 64.0303 34.9072 34.153 28.1881 27.2885 31.1442 21.405 20.6783 19.0888 23.4014 19.9781 18.9864 22.7611 18.5183 25.6663 17.4547 23.0237 16.7169 15.8567 15.8336 15.3381 14.3479 14.4738 14.1243 14.7025 14.0364 13.9292 13.0944
threshold=-0.35994476788370217 -0.39519449383660366 -0.73400881850102284 -0.82182322118940199 0.1957029299471322 0.06417221331045482 -0.82182322118940199 -2.044776774524907 0.81617063555022884 -0.13190061212624435 0.23262073386371099 0.37500000000000006 0.93392567716913977 0.62500000000000011 -0.35860470857728932 -0.43054776881518964 -0.51975526473196965 0.049208160603261102 1.7193150559916808 -0.358291771996953 -1.0000000180025095e-35 -0.53535986586821693 0.24984963600271665 -0.52838814152813918 -0.011591651920408343 0.72399692363341617 -4.1756182714888608 1.2976692796368099 -0.55310426453657613 -0.24339270404121471
decision_type=2 2 2 2 2 2 2 2 2 2 2 2 2 2 2 2 2 2 2 2 2 2 2 2 2 2 2 2 2 2
left_child=2 6 -1 19 13 10 29 -8 -7 -9 12 28 25 15 -15 -4 22 -11 -19 -3 -10 23 -17 -6 -25 -5 -27 -16 -12 -2
right_child=1 3 4 5 21 8 7 9 20 17 11 -13 -14 14 27 16 -18 18 -20 -21 -22 -23 -24 24 -26 26 -28 -29 -30 -31
leaf_value=-0.040409477546678611 0.0073061324550358023 0.012482571771691597 0.0070325365577511567 0.0046906314388540666 0.036593532136761996 0.0062095079436576307 0.025288401535329481 0.0022647520325033139 0.0040547275143617556 0.00322541567467006 0.016792426811588722 -0.021978493498246501 -0.02181736690738291 0.038018928888983762 0.003775212556607681 -0.03748728224781369 -0.0091075471092604398 0.016637480542860288 -0.015838286114063037 0.045497314280800498 -0.010568304244570611 -0.013613336541651415 0.023775027799974702 -0.018148791316735805 -0.037054125877526815 0.029282816192405799 -0.01353398710837053 -0.031563243407655782 -0.0068741851889157551 0.03925078830488743
leaf_weight=213.21020777523518 43.666397199034691 262.134795114398 144.80462178587914 901.71592223644257 7.9479784816503516 1963.16422945261 333.40627156198025 778.99655221402645 346.09968753159046 411.7565795481205 67.732124775648117 265.90091253817081 95.403694778680801 42.649563312530518 186.36449587345123 122.14138402044773 986.39193716645241 1177.1490220278502 56.307176664471626 44.482244431972504 396.40897949039936 565.97601042687893 10.371954798698424 205.04342226684093 209.69082637131214 21.241830542683601 202.04424983263016 32.043232709169388 645.54332821071148 130.53018717467785
leaf_count=897 177 1068 597 3705 33 8042 1354 3194 1421 1688 279 1101 393 175 771 507 4076 4801 232 180 1632 2348 43 852 873 87 830 133 2661 529
internal_value=0.000258498 0.00508344 -0.014147 0.0010821 -0.011902 5.64438e-05 0.0121921 0.0109686 0.00347436 0.00898751 -0.00414528 -0.00934154 2.40199e-05 -0.00719593 0.00505194 -0.00973204 -0.0119105 0.0121643 0.0151393 0.0174207 -0.00374918 -0.0191403 -0.0325126 -0.0264797 -0.0277855 0.00189841 -0.00932601 -0.00150683 -0.00459946 0.0313591
internal_weight=10870.3 8143.68 2726.64 5211.87 2513.43 4905.25 2931.81 2757.62 2705.67 2424.21 2199.58 979.176 1220.41 1524.77 261.057 1263.71 1118.91 1645.21 1233.46 306.617 742.509 988.658 132.513 422.682 414.734 1125 223.286 218.408 713.275 174.197
internal_count=44679 33374 11305 21399 10408 20151 11975 11269 11095 9915 9056 4041 5015 6302 1079 5223 4626 6721 5033 1248 3053 4106 550 1758 1725 4622 917 904 2940 706
is_linear=0
shrinkage=0.05


Tree=5
num_leaves=31
num_cat=0
split_feature=0 7 7 11 11 16 14 15 5 19 21 5 7 13 12 11 13 11 9 17 19 13 16 20 9 11 16 13 14 11
split_gain=183.714 72.9159 52.5703 39.1669 42.2644 51.3216 31.3866 29.949 29.0819 29.5876 28.4066 27.184 24.5452 24.4799 22.7431 21.289 20.4384 20.2787 22.7451 21.209 19.2274 24.9192 18.7248 18.2566 18.3544 17.8028 17.2662 17.0593 16.8483 16.7491
threshold=-0.56265912280736219 0.9055088238802943 -0.68768849119802755 1.6949226551511354 -0.31937148018985256 -0.42932617833257009 0.31988519931777998 -0.13832290619981411 -0.52237212778709241 -0.44550250979644729 -1.0000000180025095e-35 -0.42588233330959818 1.538631017812397 -0.11365140591471419 -0.75248698281813364 -0.66967481007968044 -2.229352876601983 0.3727907323445005 1.230366241196426 1.7193150559916808 -0.63845455533172013 1.2022968247439081 0.29674281793042206 -0.20833333333333329 -0.19070422017607389 -0.95418567302199309 0.60873372562556671 3.8630042259427855 2.5268763148196842 0.40330724351300773
decision_type=2 2 2 2 2 2 2 2 2 2 2 2 2 2 2 2 2 2 2 2 2 2 2 2 2 2 2 2 2 2
left_child=12 2 13 4 5 8 7 -7 9 -4 -5 -10 16 -2 -6 -8 -1 26 28 27 -12 -22 23 24 -18 -15 -3 -20 -19 -16
right_child=1 17 3 10 14 6 15 -9 11 -11 20 -13 -14 25 29 -17 22 18 19 -21 21 -23 -24 -25 -26 -27 -28 -29 -30 -31
leaf_value=0.023400609412257439 0.0098276776818559189 0.017375555092660387 0.023260023343771381 -0.0070329790855817309 -0.017026082747659887 -0.0078513335116426417 0.057815694071545659 -0.025814189520887317 0.022655412921108287 -0.016154617426416561 -0.002090229216873725 -0.036426868256021559 0.026927061771603707 0.035858765437151108 -0.0036378337288098649 -0.0034137409300660521 -0.0061210046820617025 -0.0035503508963670334 0.037634146008022062 -0.028651616779167683 -0.037401524591022785 0.0010713040489287553 0.0016776213021969602 0.016799543393743281 0.012576996626087349 -0.0053954297471912223 -0.00053440216327037531 0.0030600964417132632 -0.046242991913070554 0.0052337062878397775
leaf_weight=255.48898832499981 683.42158697545528 531.89034104347229 58.18519090116024 300.19018000364304 258.4876254349947 328.84963664412498 14.501225441694258 804.25690647959709 176.10508263111115 242.32066369056702 64.276237547397614 20.909443274140358 239.66929842531681 26.268053248524666 2305.5615341663361 167.09627842903137 224.03523001074791 383.49959009885788 81.841418400406837 22.37940888106823 296.94596672058105 48.655750036239624 686.66270144283772 773.20665401220322 313.50301836431026 629.46413232386112 179.23787674307823 63.59180161356926 23.648799389600754 690.2474135607481
leaf_count=1034 2800 2169 239 1239 1070 1358 59 3351 723 1002 264 87 973 107 9513 693 915 1572 334 92 1240 202 2807 3151 1277 2590 737 260 97 2836
internal_value=-0.000193118 -0.00373025 -0.00571091 -0.00778016 -0.00623488 -0.0123533 -0.0175263 -0.0206169 0.00131428 -0.00845457 -0.0187748 0.0162074 0.0117244 0.00321041 -0.00282345 0.00173812 0.0100936 0.00722053 0.000226617 0.015671 -0.0273241 -0.0319832 0.00837818 0.0118806 0.00477786 -0.00368312 0.01286 0.0226747 -0.00614958 -0.00159106
internal_weight=10894.4 8401.83 7115.74 5776.59 5066.52 1812.22 1314.7 1133.11 497.52 300.506 710.068 197.015 2492.57 1339.15 3254.3 181.598 2252.9 1286.09 574.961 167.813 409.878 345.602 1997.41 1310.74 537.538 655.732 711.128 145.433 407.148 2995.81
internal_count=44791 34634 29373 23876 20931 7512 5461 4709 2051 1241 2945 810 10157 5497 13419 752 9184 5261 2355 686 1706 1442 8150 5343 2192 2697 2906 594 1669 12349
is_linear=0
shrinkage=0.05


Tree=6
num_leaves=31
num_cat=0
split_feature=1 0 1 1 7 19 20 20 21 7 13 19 21 11 7 5 20 17 5 20 7 7 11 20 7 20 3 11 12 6
split_gain=243.734 82.4057 48.821 31.9619 22.1445 21.783 20.8651 19.3965 20.8884 19.1147 19.0151 17.7438 29.4162 18.9862 17.4376 16.1272 15.3381 15.1405 17.8037 16.0624 14.7526 17.8972 21.2129 14.5566 19.934 14.2344 16.2181 13.8487 13.8343 13.376
threshold=-0.42340506418497209 -0.56265912280736219 -0.74735563311178643 0.07142052872353008 1.4184600911908907 0.035281101460178536 0.70833333333333337 -0.87499999999999989 -1.0000000180025095e-35 1.4184600911908907 -2.229352876601983 0.29977173898064841 0.37500000000000006 -0.62591962605169493 0.94303580285601885 0.28230155075642221 -1.0000000180025095e-35 -0.011591651920408343 -0.18781736905794891 -0.37499999999999994 -1.6870500254472707 -0.68768849119802755 1.6949226551511354 -0.62499999999999989 0.9800523333069987 -1.0000000180025095e-35 -0.4203810858746227 0.29641354334205322 0.92229625555510542 -2.8629723441233144
decision_type=2 2 2 2 2 2 2 2 2 2 2 2 2 2 2 2 2 2 2 2 2 2 2 2 2 2 2 2 2 2
left_child=2 4 -1 9 10 14 7 8 -5 11 -2 20 23 -14 -4 16 -12 18 19 -7 -3 -22 -23 28 -25 26 -21 -11 -13 -9
right_child=1 3 5 6 -6 17 -8 29 -10 27 15 12 13 -15 -16 -17 -18 -19 -20 25 21 22 -24 24 -26 -27 -28 -29 -30 -31
leaf_value=-0.04109024888030751 0.022479125984569599 -0.031755693946313432 -0.0090489683690734238 0.0084628901067128597 0.024636901836410333 -0.024360094826602535 -0.0064811503954944746 0.027148390624008235 -0.0191412523553007 0.024137363490326816 0.0055515004485234753 -0.021643761313512772 0.028280234555112749 -0.025153761333178357 0.025399713466273011 0.0017475062989827828 0.016632504801298211 -0.024375954023681728 0.057803876336944962 -0.011163558839677113 0.013241428410677884 0.00012875978857414087 -0.017107829363887741 0.0020028015063244535 -0.030961812817760531 -0.012195006030339562 0.03478833778385225 -0.0032183502763602975 0.022723349320827032 0.0063901343620064877
leaf_weight=165.44232518970966 253.6277582347393 37.094532027840614 1001.250618159771 122.22551968693733 276.39141426980495 196.54705895483494 405.7073260396719 79.539345413446426 153.26426827907562 106.23554196953773 607.55288474261761 156.62691900134087 16.732812285423279 291.18598894774914 37.117260113358498 686.96254761517048 648.76215928792953 495.27441747486591 7.9777912050485602 36.048868581652641 212.99048358201981 1319.4383831471205 205.32459351420403 594.64425306022167 48.680377930402756 227.88367521762848 38.930299460887909 80.490829020738602 18.846505969762802 2361.6277583986521
leaf_count=706 1024 153 4157 500 1119 821 1663 325 629 434 2475 648 69 1213 152 2807 2638 2075 33 150 873 5433 849 2457 200 950 162 331 78 9667
internal_value=-0.000184232 0.00358609 -0.0150201 0.000511028 0.0113025 -0.0128854 0.00407833 0.00565894 -0.00688983 -0.00309417 0.00961214 -0.00409462 -0.00899959 -0.0221517 -0.00778951 0.00791953 0.0112864 -0.0181448 -0.0120165 -0.0132551 -0.000974703 -0.000296883 -0.00219873 -0.00402648 -0.000528053 -0.00597548 0.0127734 0.0123644 -0.0167485 0.00707938
internal_weight=10890.4 8683.95 2206.47 6210.66 2473.3 2041.03 3122.36 2716.66 275.49 3088.29 2196.91 2901.56 1126.72 307.919 1038.37 1943.28 1256.32 1002.66 507.388 499.41 1774.85 1737.75 1524.76 818.798 643.325 302.863 74.9792 186.726 175.473 2441.17
internal_count=44791 35585 9206 25522 10063 8500 12784 11121 1129 12738 8944 11973 4665 1282 4309 7920 5113 4191 2116 2083 7308 7155 6282 3383 2657 1262 312 765 726 9992
is_linear=0
shrinkage=0.05


Tree=7
num_leaves=31
num_cat=0
split_feature=0 7 7 19 9 4 21 21 12 14 3 19 21 7 6 6 10 7 11 6 3 4 9 21 14 14 9 9 10 18
split_gain=149.537 62.9036 48.1161 34.7476 42.5725 83.3384 29.3536 30.7619 26.0484 25.8813 23.1311 21.6467 25.3413 19.935 19.9002 18.0308 18.2707 17.5927 17.1291 16.1599 16.1178 30.8801 19.3854 16.1068 16.0651 15.8761 16.424 25.1072 15.8058 15.4364
threshold=-0.56265912280736219 0.73223912312510386 -0.6727301636163413 -0.62125973504341536 0.57501636988567861 0.014007519345806442 0.37500000000000006 0.62500000000000011 -0.66162423895598488 -1.1597200131928942 -0.14403811906936595 0.34973089891314285 -1.0000000180025095e-35 1.538631017812397 0.43712334609904174 -1.1059321916664959 1.0744420666550774 -0.14413036546020727 -0.9044293103699671 2.1453292187431674 -0.21487350510884376 -0.25248387509104947 1.0063682774331879 1.0000000180025095e-35 -2.12020119584861 -0.23478078623595947 -0.11812500507509675 -0.35927706759238981 2.3606497615367545 0.87793999792177002
decision_type=2 2 2 2 2 2 2 2 2 2 2 2 2 2 2 2 2 2 2 2 2 2 2 2 2 2 2 2 2 2
left_child=13 2 11 15 5 10 9 -8 19 -7 18 25 -13 24 -14 17 -17 -4 -5 -6 21 -3 -22 -12 -1 28 27 -27 -2 -16
right_child=1 20 3 4 8 6 7 -9 -10 -11 23 12 14 -15 29 16 -18 -19 -20 -21 22 -23 -24 -25 -26 26 -28 -29 -30 -31
leaf_value=0.020870084426702167 0.015568942645765308 0.0075930267981565757 0.053705321673117173 0.012351175176336111 -0.023779758541787259 0.011765890272724858 -0.042964637568816605 -0.018473114812926055 0.0033729643514811996 -0.018288207424222391 0.034702645360084813 0.0060618708349468933 -0.022179634324759858 0.02421893397081076 0.030253315213700116 0.0032787838599787119 -0.01723825295647231 -0.0010357225866701213 -0.0077032884451522302 0.059800811466530115 -0.0048981188048723319 0.042378538987228126 0.010063251292936086 -0.015502356125163928 0.0075663295336178609 0.014182751984460576 0.011543196236841772 -0.02329640050340713 -0.022622452595594974 -0.038528204212354145
leaf_weight=256.15931276977062 476.37704595923424 649.90530876815319 30.808918252587318 111.45854671299458 130.53265082836151 77.414057344198227 257.0611660182476 262.12933965027332 824.836734354496 841.0275012999773 56.727462530136108 253.0422193557024 219.57263897359371 240.99329875409603 34.068668410181999 635.2119205147028 129.81412555277348 26.856321036815643 1981.0429997444153 5.0811548680067053 547.35349988937378 69.968808948993683 356.65235070884228 21.259732350707054 2002.008697360754 67.938085153698921 157.23564441502094 126.01964218914509 27.756220534443855 9.6521171629428846
leaf_count=1034 1946 2651 126 452 542 319 1088 1105 3399 3503 234 1037 910 973 140 2614 535 110 8226 21 2249 285 1458 88 8150 281 644 518 113 40
internal_value=-0.000175678 -0.00337523 -0.00549739 -0.00762465 -0.00932791 -0.0118175 -0.021152 -0.0306682 2.22177e-05 -0.0157395 -0.00562565 0.00285954 -0.00521269 0.0105566 -0.0160491 0.00182769 -0.000214099 0.0285426 -0.0066273 -0.0201968 0.00545772 0.0110351 0.00100358 0.0209302 0.00908625 0.00773875 -0.000411205 -0.0101374 0.0134157 0.0144348
internal_weight=10886 8386.8 6762.92 5391.26 4568.57 3608.12 1437.63 519.191 960.451 918.442 2170.49 1371.66 516.336 2499.16 263.293 822.691 765.026 57.6652 2092.5 135.614 1623.88 719.874 904.006 77.9872 2258.17 855.327 351.193 193.958 504.133 43.7208
internal_count=44791 34634 27991 22362 18977 15015 6015 2193 3962 3822 9000 5629 2127 10157 1090 3385 3149 236 8678 563 6643 2936 3707 322 9184 3502 1443 799 2059 180
is_linear=0
shrinkage=0.05


Tree=8
num_leaves=31
num_cat=0
split_feature=1 1 1 19 22 11 19 6 22 6 17 19 20 8 7 10 7 19 10 10 11 18 14 6 7 10 2 6 8 11
split_gain=204.73 62.3088 43.3909 27.5554 29.1141 22.9387 20.587 39.4123 30.4509 25.7999 24.9919 19.3246 18.7145 18.5741 18.1895 17.5046 17.2125 16.77 16.4554 16.0086 15.773 15.6215 20.5217 14.8791 22.1582 21.2696 17.5936 16.6299 14.7462 14.7156
threshold=-0.42340506418497209 0.10357037358317503 -0.74735563311178643 0.29243791536821012 1.0000000180025095e-35 -0.60098040635270433 -0.15792235184507511 -2.0864770895765088 1.0000000180025095e-35 1.4045909657078142 1.6942243727558155 0.035281101460178536 -0.70833333333333315 0.17346148787741417 -1.6870500254472707 1.2405462304178458 -0.6386749762663082 0.6981339120351775 0.20109948659547361 1.5575483944839659 -0.0061650756608419626 -0.42003140973716796 -0.072263118350360131 2.0489787136333275 -1.7971253280111001 -0.1819993519753649 0.048879338957173356 -1.9986291776868279 0.3672647161734976 -0.72104196044119628
decision_type=2 2 2 2 2 2 2 2 2 2 2 2 2 2 2 2 2 2 2 2 2 2 2 2 2 2 2 2 2 2
left_child=2 3 -1 14 12 -6 7 15 10 13 23 19 -5 -9 -2 -3 20 -7 -11 21 -17 22 -4 26 -25 -26 27 -8 -15 -23
right_child=1 6 11 4 5 17 8 9 -10 18 -12 -13 -14 28 -16 16 -18 -19 -20 -21 -22 29 -24 24 25 -27 -28 -29 -30 -31
leaf_value=-0.038608158915002633 -0.029022357749565353 0.044879545832517312 0.041531757785005674 -0.017349798451847302 0.020367921267168639 -0.014531759506052892 -0.0054329986139165839 0.0057307983873427426 -0.0056900775541397532 0.012918812047585847 -0.018537819232954219 -0.016780059787586045 0.00061613077280588645 0.057809358778322009 0.0023201028944399718 -0.050813217814623626 0.044772096032112338 -0.037502532910445585 0.040848391389543125 -0.03094630444863837 0.011955114865287228 -0.038853009067857082 -0.0024048336243908701 0.083041198127199484 -0.051607325519577169 -0.0016199797036110988 0.0053999397300063942 0.018360798416677093 -0.018690434067686137 -0.0063769614539915184
leaf_weight=162.66994024813175 46.199260294437408 110.42045921087265 37.498912513256073 175.01029582321644 33.605873912572861 240.25512266159058 82.169749796390533 1790.9110217243433 618.19587314128876 129.59689907729626 90.557453721761703 996.07401537895203 818.51467023789883 28.249787420034409 2366.0188074856997 11.371225297451018 31.548128634691238 120.52563391625881 90.549471378326416 64.527977868914604 51.405877113342285 35.587308317422867 84.894816875457764 5.897230625152587 23.52889546751976 163.12373335659504 1014.6099497377872 637.91167195141315 7.3895601630210868 812.35028015077114
leaf_count=706 191 447 155 725 138 1003 335 7283 2534 526 372 4191 3378 115 9723 46 128 505 367 269 208 151 351 24 96 663 4148 2600 30 3383
internal_value=-0.000167221 0.0032789 -0.0138128 -0.00152203 -0.00713317 -0.018611 0.00701234 0.0105244 0.00400788 0.00841921 0.00698288 -0.0118063 -0.00255782 0.00645847 0.00170598 0.0314011 0.0152651 -0.0223019 0.024562 -0.00700261 0 -0.00537496 0.0112434 0.00819364 -0.00495476 -0.00818932 0.009658 0.0156349 0.041734 -0.00779001
internal_weight=10881.2 8687.57 2193.6 3800.13 1387.91 394.387 4887.44 2251.44 2635.99 2046.7 2017.8 2030.93 993.525 1826.55 2412.22 204.746 94.3252 360.781 220.146 1034.86 62.7771 970.331 122.394 1927.24 192.55 186.653 1734.69 720.081 35.6393 847.938
internal_count=44791 35585 9206 15663 5749 1646 19922 9150 10772 8321 8238 8500 4103 7428 9914 829 382 1508 893 4309 254 4040 506 7866 783 759 7083 2935 145 3534
is_linear=0
shrinkage=0.05


Tree=9
num_leaves=31
num_cat=0
split_feature=1 1 1 7 13 20 20 18 17 17 20 7 7 7 13 6 21 10 4 15 15 7 10 17 21 6 4 7 14 2
split_gain=185.354 56.2133 39.9729 20.3919 18.7135 18.6056 19.142 17.6659 19.2256 17.2708 17.2225 16.5165 15.2131 15.0695 14.4036 29.2778 22.2893 16.8934 14.4339 13.8784 14.7207 13.56 13.4788 13.3489 13.751 13.1611 13.6993 12.6423 13.9206 18.5406
threshold=-0.42340506418497209 0.10357037358317503 -0.74735563311178643 1.4184600911908907 1.0931167877392014 0.70833333333333337 -0.87499999999999989 1.7815289309669586 1.5125131292169793 -0.011591651920408343 -0.70833333333333315 1.6754171688239827 -1.6870500254472707 0.9055088238802943 -0.067652841660642102 -0.054237751473782285 0.62500000000000011 -0.7056097334576773 -0.42906332668054697 0.23453194413606421 0.61159625942497986 0.41521061274900695 0.93335055552037594 1.7193150559916808 0.37500000000000006 -4.1868184442780327 -0.52603636089689954 0.67329823540834222 -4.5305479193357572 -0.47810170647851108
decision_type=2 2 2 2 2 2 2 2 2 2 2 2 2 2 2 2 2 2 2 2 2 2 2 2 2 2 2 2 2 2
left_child=2 3 -1 12 19 6 -3 8 25 10 -4 -6 -2 14 16 22 18 -17 -12 -5 -21 -18 -16 -10 -25 -8 -27 28 29 -7
right_child=1 5 9 4 11 27 7 -9 23 -11 13 -13 -14 -15 15 17 21 -19 -20 20 -22 -23 -24 24 -26 26 -28 -29 -30 -31
leaf_value=-0.037107400668168533 -0.026887738565928167 -0.0020757518579174786 -0.021102121394021518 0.028071127092225062 0.015890474829446048 -0.035484528530743104 0.039756545863332396 -0.0087743490543279144 0.03847217808204647 -0.015652154315358175 0.025309020183050743 -0.039185669296439539 -0.0019425173683630095 0.032256816786194735 -0.029927761812596512 0.03765509171882514 0.056053016727571507 -0.0044832238604037991 -0.0071010074495224829 -0.028989885372922491 0.033290209908382731 -0.022603982121093796 0.046911193054376417 -0.007405338580155899 0.057455848923939359 -0.0039635303403763814 0.0093545551763225942 0.0097467241805522572 -0.0081513947696638181 0.054850998541207591
leaf_weight=160.87324656546116 61.252618402242661 436.06398940086365 164.02722539007664 138.50610713660717 25.121577754616737 7.1456603705883053 33.357817739248276 134.35185199975967 94.159098148345947 1061.1214071065187 41.526203542947769 27.478720113635063 3507.8768232017756 27.645107448101044 154.3307469189167 24.58648744225502 28.418100774288177 335.38164249062538 177.54228815436363 24.259936034679413 14.179163396358488 6.0525343120098105 5.0098914802074423 38.883706018328667 9.2681154459714872 203.94025886058807 3317.2272259443998 179.7584730386734 418.65378591418266 18.499427124857903
leaf_count=706 255 1780 688 564 103 29 135 551 383 4467 171 113 14471 113 648 103 118 1405 741 99 58 25 21 159 38 830 13500 731 1711 75
internal_value=-0.00015979 0.00311413 -0.0131693 -0.00144792 0.0129617 0.00665769 0.00783692 0.00896672 0.00961503 -0.0112483 -0.00638701 -0.0129826 -0.00237943 -0.00334296 -0.00466288 -0.00942975 0.00507986 -0.0014949 -0.000847616 0.0207318 -0.00562805 0.0418532 -0.0272031 0.0276014 0.00589217 0.00888594 0.00858087 -0.00139738 -0.00592915 0.0291055
internal_weight=10876.5 8689.98 2186.51 3798.67 229.546 4891.31 4267.25 3831.19 3696.84 2025.64 964.52 52.6003 3569.13 800.493 772.848 519.309 253.539 359.968 219.068 176.945 38.4391 34.4706 159.341 142.311 48.1518 3554.53 3521.17 624.057 444.299 25.6451
internal_count=44791 35585 9206 15663 937 19922 17376 15596 15045 8500 4033 216 14726 3345 3232 2177 1055 1508 912 721 157 143 669 580 197 14465 14330 2546 1815 104
is_linear=0
shrinkage=0.05


Tree=10
num_leaves=31
num_cat=0
split_feature=1 1 19 21 19 7 20 6 17 7 16 21 6 20 19 5 8 21 19 17 8 17 7 6 19 6 20 7 6 5
split_gain=166.444 48.9072 34.4592 33.1452 29.7985 29.8568 27.6787 22.9721 22.8891 22.876 25.3711 21.3512 20.1952 18.585 16.0831 15.9858 15.574 17.2531 30.7127 19.0345 17.0081 18.2094 17.6127 16.3663 14.4628 14.4887 13.9263 20.4416 19.3736 17.4153
threshold=-0.23409140627754324 -0.74735563311178643 0.48749339195149249 0.37500000000000006 -0.81129323744021875 0.61286383528602395 -0.62499999999999989 0.029925049939973063 1.7193150559916808 1.4184600911908907 1.752845557135583 -1.0000000180025095e-35 -3.1006214635962235 -0.70833333333333315 -0.13137869381137132 -0.42670047047188159 0.77409387037860167 1.0000000180025095e-35 -0.29268743954214532 -0.4054925985864235 -1.1497824253705307 -0.19287163717952463 -0.47891747350692754 -1.9986291776868279 -0.32383717460422218 -0.41862523918355171 0.62500000000000011 0.26993236291567396 1.6181940743540801 0.20200681681961311
decision_type=2 2 2 2 2 2 2 2 2 2 2 2 2 2 2 2 2 2 2 2 2 2 2 2 2 2 2 2 2 2
left_child=1 -1 9 6 -3 13 11 -5 26 12 -11 -4 14 24 -2 -13 17 20 23 -20 21 -14 -22 -19 25 -6 28 -28 29 -8
right_child=2 4 3 7 5 -7 8 -9 -10 10 -12 15 16 -15 -16 -17 -18 18 19 -21 22 -23 -24 -25 -26 -27 27 -29 -30 -31
leaf_value=-0.035699887451526198 0.042376855024257004 0.0096880275481064562 -0.0010757374845858268 -0.026552775854022787 0.024040683348365136 0.0029177171210527375 0.018755388321426477 -0.0038270251397124616 -0.028894345568088675 0.017235773436648956 -0.046804104074540234 0.020525758811288198 -0.022078371230578708 -0.0087102380303572154 0.003893125721114549 -0.036870087241832404 0.019237407884246771 0.039337524879482118 -0.01631792530448636 0.0042086403348521699 0.009714845207506418 0.0016815045554446812 0.00019043889004463556 0.012246731584887878 -0.023981431772822817 -0.014596635071403578 -0.015523096545342719 0.013103773399616948 -0.010591878043587577 0.0037183981918231788
leaf_weight=159.25196139514446 64.022838741540909 235.87829393148422 177.36509580910206 185.61522094905376 32.355216696858406 475.60115468502045 468.44195257127285 277.719796910882 45.067651748657227 593.36521425843239 14.901501327753065 13.186424449086187 146.87242630124092 2338.321292579174 47.514004722237587 91.735346883535385 177.42944152653217 58.905734166502953 136.23392516374588 636.58312779664993 697.94668710231781 176.29120828211308 1592.4016723036766 908.70468066632748 387.05597870051861 87.801496982574463 145.09015366435051 107.72278432548046 100.7954079657793 329.07417145371437
leaf_count=707 258 973 726 771 134 1963 1915 1146 186 2402 61 54 599 9789 193 378 727 238 558 2614 2840 716 6503 3699 1632 367 596 440 410 1347
internal_value=-7.41355e-05 -0.00866551 0.0043645 -0.00132393 -0.00744405 -0.00866488 0.00233168 -0.0129795 0.00565868 0.00646881 0.0155845 -0.011719 0.0052704 -0.0106029 0.0262077 -0.0294838 0.00474827 0.00415238 0.00800862 0.000567298 0.00158039 -0.00913633 0.003098 0.01394 -0.0192842 -0.00403874 0.0070397 -0.00330201 0.00995618 0.0125695
internal_weight=10909.3 3716.27 7192.99 1941.81 3557.01 3321.14 1478.48 463.335 1196.19 5251.17 608.267 282.287 4642.91 2845.53 111.537 104.922 4531.37 4353.94 1740.43 772.817 2613.51 323.164 2290.35 967.61 507.213 120.157 1151.12 252.813 898.312 797.516
internal_count=44942 15565 29377 7969 14858 13885 6052 1917 4894 21408 2463 1158 18945 11922 451 432 18494 17767 7109 3172 10658 1315 9343 3937 2133 501 4708 1036 3672 3262
is_linear=0
shrinkage=0.05


Tree=11
num_leaves=31
num_cat=0
split_feature=0 20 19 20 5 9 17 9 21 4 10 19 4 0 10 8 19 21 4 20 9 3 16 8 19 9 0 9 12 10
split_gain=127.263 31.1188 39.5346 26.1119 26.0237 44.49 26.0281 22.3371 24.6511 22.1096 19.8167 20.8138 19.5804 18.5239 17.888 17.5468 16.2032 23.305 20.8627 16.3298 16.0368 17.3814 17.212 14.5934 15.0772 14.9032 14.5364 14.1936 13.4283 13.1156
threshold=-0.37732237945720493 -0.70833333333333315 -0.29268743954214532 0.62500000000000011 1.0000000180025095e-35 -0.28828449767145103 -0.37107750740009782 0.50063062946543757 -1.0000000180025095e-35 0.037994897463813966 -0.363807511279295 -0.33175656934367787 -0.43054776881518964 0.36030457361351725 -0.19307316509503922 1.5440802739980468 0.30744956508802418 1.0000000180025095e-35 0.18199256975490671 0.20833333333333334 1.230366241196426 1.8206009166966968 0.11925150545713488 -0.66269509694687656 -0.44550250979644729 -0.22587927340464389 -0.2659555209663062 -0.48482739112307882 -0.59756865108042878 1.1555937492720101
decision_type=2 2 2 2 2 2 2 2 2 2 2 2 2 2 2 2 2 2 2 2 2 2 2 2 2 2 2 2 2 2
left_child=10 2 28 4 6 -6 27 13 14 -7 11 -1 -5 -4 -9 23 17 -12 29 -19 22 -22 -11 24 -8 -25 -14 -3 -2 -18
right_child=1 3 7 12 5 9 15 8 -10 20 16 -13 26 -15 -16 -17 18 19 -20 -21 21 -23 -24 25 -26 -27 -28 -29 -30 -31
leaf_value=0.0078852575800186422 -0.017814669504519369 -0.038104403818013187 -0.028433687210408821 0.0075722871934998937 -0.025423977706020937 -0.030303802709702055 0.00091843589125145035 0.05958112285360892 -0.01752776796237834 0.018193735647118157 0.0081016583459399272 -0.0097829240791623504 0.010595838072046747 -0.010809416873698772 0.0050227240753734541 0.045439824487489122 0.0049802517418471347 0.013870561693778156 -0.0077818636812663827 0.029441366336146493 0.0074437381921101655 -0.020152125975082119 -0.0053411487061426743 0.0030684956890982308 -0.03391471042641582 0.014662384633182327 -0.012436427018739003 -0.0015956590722326011 0.0074524224605799667 0.026955699084093829
leaf_weight=403.86815798282623 62.732784450054169 26.266109898686409 384.44964006543159 162.70183002948761 223.76828379929066 66.60133071243763 186.91320198774338 17.321262583136559 136.50149640440941 80.945057064294815 1236.6610168367624 282.29404665529728 72.313610926270485 248.00419397652149 86.329944550991058 29.143700063228607 249.62880700826645 493.47972625494003 257.25685070455074 259.71263112127781 640.2989571839571 61.594120293855667 1478.0274598300457 531.63705441355705 36.188673406839371 582.61022782325745 1047.9473431110382 1167.6768500357866 298.51265101134777 93.028197184205055
leaf_count=1646 261 111 1625 671 967 279 765 71 567 335 5023 1158 300 1027 355 119 1017 2003 1053 1052 2620 254 6145 2207 149 2383 4351 4821 1229 378
internal_value=-7.13764e-05 -0.00361152 -0.0108794 -0.00220691 -0.000604544 -0.00417855 0.00295491 -0.0166336 -0.00360709 -0.00212377 0.00816944 0.000605455 -0.00858182 -0.0215585 0.01467 0.00766555 0.0101706 0.0123422 0.00295062 0.0192782 -0.0012784 0.00498974 -0.00410508 0.00680529 -0.00483555 0.00914283 -0.0109371 -0.00243423 0.00301375 0.011022
internal_weight=10904.4 7628.49 1233.85 6394.63 5111.67 2551.24 2560.44 872.607 240.153 2327.47 3275.93 686.162 1282.96 632.454 103.651 1366.49 2589.77 1989.85 599.914 753.192 2260.87 701.893 1558.97 1337.35 223.102 1114.25 1120.26 1193.94 361.245 342.657
internal_count=44942 31612 5135 26477 21155 10600 10555 3645 993 9633 13330 2804 5322 2652 426 5623 10526 8078 2448 3055 9354 2874 6480 5504 914 4590 4651 4932 1490 1395
is_linear=0
shrinkage=0.05


Tree=12
num_leaves=31
num_cat=0
split_feature=1 11 1 0 19 20 7 19 8 19 21 11 21 7 20 8 3 5 9 11 11 21 15 17 11 20 21 15 21 11
split_gain=140.981 48.4354 43.4099 40.182 27.4255 27.1593 25.0282 19.6514 23.3673 19.5571 19.2552 18.9922 24.1311 19.9081 18.6553 20.8576 17.3051 16.6008 19.2292 16.2459 16.1622 35.4431 14.0472 14.3803 15.8776 13.6886 14.3143 23.3482 13.5911 20.1943
threshold=-0.23409140627754324 -0.82182322118940199 -0.74735563311178643 -0.39519449383660366 0.32914045873755604 0.62500000000000011 0.61286383528602395 0.48749339195149249 0.66012302132152334 -0.81129323744021875 0.37500000000000006 1.2976692796368099 -1.0000000180025095e-35 -0.79014613317983662 -0.87499999999999989 -1.2263408343354569 1.8206009166966968 -0.358291771996953 0.20005560179956128 -0.72104196044119628 0.33547903773476312 1.0000000180025095e-35 -0.44164310070331181 -0.53886618680397647 -0.98740483734475382 -0.70833333333333315 0.37500000000000006 0.12687002354458193 0.62500000000000011 -0.44077732788128882
decision_type=2 2 2 2 2 2 2 2 2 2 2 2 2 2 2 2 2 2 2 2 2 2 2 2 2 2 2 2 2 2
left_child=2 17 -1 7 6 14 9 20 -9 -4 -10 28 -13 -14 -5 -16 19 22 -19 -17 21 -3 -2 -24 -25 -6 -27 -28 -11 -30
right_child=1 3 4 5 25 -7 -8 8 10 11 -12 12 13 -15 15 16 -18 18 -20 -21 -22 -23 23 24 -26 26 27 -29 29 -31
leaf_value=-0.033689744509803561 0.035415020247483463 -0.0012083160286466797 0.0083232518758615155 -0.0090902568805006721 -0.025215320470359522 -0.0090283881209479739 0.008757500490709778 -0.020620918713128475 0.014314823884792122 -0.0074042687289160554 -0.023936848755390063 -0.0016548682502720462 0.030531575507321908 -0.035313258338140939 -0.016445309775736095 -0.037254106367848157 -0.018348785856856505 0.073932292552008658 0.018162280930736741 0.0048471552482740521 0.014267935038225611 0.015740870825501546 0.060734133470565659 0.038899411953550914 0.0046804412009926457 -0.0060596329870305716 -0.00044656636314483952 -0.028957798720511851 -0.0073375996809880387 0.020662470109518043
leaf_weight=156.54758211970329 73.453963860869408 751.89541214704514 215.4382581114769 356.6352881193161 200.26827052235603 708.76416392624378 336.24820680916309 124.17047613859177 165.27842673659325 1335.9559581428766 39.990891069173813 118.57293364405632 11.502625614404677 165.02051329612732 131.28140231966972 22.085892006754875 84.235306233167648 27.70118036866188 36.10992456972599 2838.0279697775841 989.68336616456509 521.25142665207386 13.095494911074637 37.827448099851608 275.30025009810925 585.55372127890587 109.42181316018105 210.07448400557041 144.01434475183487 114.72737422585487
leaf_count=707 296 3056 888 1471 856 2920 1384 507 672 5588 164 497 48 704 537 90 348 111 145 11628 3999 2115 53 153 1112 2455 463 893 605 477
internal_value=-6.83955e-05 0.00401013 -0.00799456 0.00293151 -0.00684985 -0.000123667 -0.0038858 0.0078121 -0.00357728 -0.00591076 0.00675841 -0.00753964 -0.0191792 -0.0308467 0.0017158 0.00297299 0.00384579 0.0196289 0.0432171 0.00450739 0.00947331 0.005734 0.0157519 0.0112145 0.00894086 -0.013383 -0.0107344 -0.0192407 -0.00537196 0.00509027
internal_weight=10900.1 7196.79 3703.35 6733.3 3546.8 4141.03 2441.48 2592.27 329.44 2105.23 205.269 1889.79 295.096 176.523 3432.27 3075.63 2944.35 463.488 63.8111 2860.11 2262.83 1273.15 399.677 326.223 313.128 1105.32 905.05 319.496 1594.7 258.742
internal_count=44942 29377 15565 27507 14858 16994 10191 10513 1343 8807 836 7919 1249 752 14074 12603 12066 1870 256 11718 9170 5171 1614 1318 1265 4667 3811 1356 6670 1082
is_linear=0
shrinkage=0.05


Tree=13
num_leaves=31
num_cat=0
split_feature=1 11 1 19 21 19 20 21 21 11 10 14 14 19 6 10 17 11 20 19 11 21 10 21 18 8 11 6 5 14
split_gain=127.484 43.7912 39.9025 36.8713 38.8243 24.9176 24.5443 20.9658 20.1603 33.4159 27.8943 35.2751 24.0554 21.8792 30.3629 21.8925 18.3643 18.1812 17.2447 16.4618 16.4399 22.7144 16.0703 15.5584 16.3761 21.8686 15.5309 15.0867 15.0291 19.2654
threshold=-0.23409140627754324 -0.82182322118940199 -0.74735563311178643 0.48749339195149249 0.37500000000000006 0.32914045873755604 -0.62499999999999989 -1.0000000180025095e-35 1.0000000180025095e-35 0.32536544626611225 0.67404844213718762 -2.0254586184287979 -0.0044188986259898677 -0.052927983412344233 -1.9127233962466927 2.8174711692525496 1.7193150559916808 -0.075845175267458931 0.62500000000000011 -0.81129323744021875 1.2976692796368099 -0.37499999999999994 0.61048299755500246 0.37500000000000006 0.85340898121823272 0.26623909107785654 4.0860255812131543 0.029925049939973063 -0.358291771996953 1.53746960012291
decision_type=2 2 2 2 2 2 2 2 2 2 2 2 2 2 2 2 2 2 2 2 2 2 2 2 2 2 2 2 2 2
left_child=2 28 -1 8 6 19 7 -5 9 10 11 -3 -12 14 -10 -16 -8 -14 -11 -4 -21 22 26 -15 25 -25 -22 -6 -2 -30
right_child=1 3 5 4 27 -7 16 -9 13 18 12 -13 17 23 15 -17 -18 -19 -20 20 21 -23 -24 24 -26 -27 -28 -29 29 -31
leaf_value=-0.032396865902222571 0.014963528578099501 0.030782546874338974 0.0088061147092813943 -0.0020900184007371053 -0.02775564214008186 -0.012759999818761948 0.0052502267264595524 -0.031567706804539485 0.038212244610454818 0.010666353820623527 -0.024260477306185416 -0.001494347509424217 0.035035623449663704 0.01148677307329659 0.011527432551557901 -0.030421623629394434 -0.027099244316837925 -0.010666743197426656 -0.0040442722053905906 -0.0031947768699024273 -0.0032854669865933685 -0.022765077159819142 -0.034832966362764756 -0.010837593504874872 -0.019956584268489778 0.015868283811133501 0.043680228147591954 -0.0084563890480499181 0.063705413497774283 0.0076919181606410585
leaf_weight=154.74186290800571 400.18675670027733 90.150587722659111 236.53241986036301 161.13935643434525 177.0380856692791 1101.7734271138906 1067.6366569250822 95.948128029704094 106.44750656187534 1140.2359989285469 230.01585537195206 1184.4805833399296 33.04322712123394 249.36715526878834 1160.5137261003256 30.960485517978668 44.724739953875542 59.228936165571213 240.24807196855545 1863.716270044446 39.126066282391548 251.60733810067177 17.443716496229172 159.70049153268337 118.09753286838531 145.49537187814713 30.547776952385902 240.34957721829414 37.452912181615829 26.429502561688423
leaf_count=707 1614 366 973 661 741 4667 4366 399 429 4629 939 4838 135 1019 4715 126 186 242 978 7783 164 1071 73 657 487 597 127 997 150 106
internal_value=-6.55152e-05 0.00380917 -0.00761383 0.00278315 -0.00337018 -0.00652048 0.000698439 -0.0131905 0.00500651 0.00240639 -0.00251574 0.000806916 -0.015634 0.00892935 0.0127204 0.0104086 0.00392189 0.00584611 0.00810154 -0.00369574 -0.00504404 -0.0151649 0.00673795 0.00159896 -0.00422763 0.00188776 0.0175621 -0.016701 0.0186506 0.0410842
internal_weight=10894.4 7198.89 3695.49 6734.82 1786.84 3540.75 1369.45 257.087 4947.99 2977.4 1596.92 1274.63 322.288 1970.58 1297.92 1191.47 1112.36 92.2722 1380.48 2438.97 2202.44 338.725 87.1176 672.661 423.293 305.196 69.6738 417.388 464.069 63.8824
internal_count=44942 29377 15565 27507 7350 14858 5612 1060 20157 12127 6520 5204 1316 8030 5270 4841 4552 377 5607 10191 9218 1435 364 2760 1741 1254 291 1738 1870 256
is_linear=0
shrinkage=0.05


Tree=14
num_leaves=31
num_cat=0
split_feature=1 11 1 0 19 20 7 19 10 20 11 21 7 19 6 11 21 19 12 11 21 0 2 7 7 11 15 4 21 7
split_gain=115.235 39.5218 37.1343 35.144 24.18 24.0097 19.5121 16.4573 19.9103 16.2573 15.2937 22.5714 20.2912 14.9503 14.1276 13.792 18.2865 15.8068 13.6667 13.3383 13.28 12.6463 13.9041 12.32 13.0742 12.7555 15.213 15.1309 12.2588 12.1815
threshold=-0.23409140627754324 -0.82182322118940199 -0.70858322939974749 -0.39519449383660366 0.34973089891314285 0.62500000000000011 0.61286383528602395 0.48749339195149249 1.4399649312662859 -0.95833333333333315 3.1252924674357438 -1.0000000180025095e-35 -0.53338825843469151 -0.81129323744021875 -0.13204179245175032 -0.011918795688873565 1.0000000180025095e-35 0.078247242850106161 -0.67062788154004838 -0.72104196044119628 0.37500000000000006 -0.19439471031692082 0.98123181559365114 0.67329823540834222 1.1607380842876951 2.517498624694559 0.61159625942497986 0.15592491361878721 -1.0000000180025095e-35 -1.1095027958853334
decision_type=2 2 2 2 2 2 2 2 2 2 2 2 2 2 2 2 2 2 2 2 2 2 2 2 2 2 2 2 2 2
left_child=2 14 -1 7 6 9 10 15 20 -5 13 -12 -13 -4 18 16 -3 -18 -2 -11 -9 28 -23 25 -25 -7 -27 -28 -15 -6
right_child=1 3 4 5 29 23 -8 8 -10 19 11 12 -14 21 -16 -17 17 -19 -20 -21 -22 22 -24 24 -26 26 27 -29 -30 -31
leaf_value=-0.024946528478640036 -0.046457006348295159 -0.0027199272096166353 0.0097244319332474016 -0.012723794006198936 -0.040948477906633966 -0.015117225585302617 0.0079815115123279389 -0.0032000749844122408 0.020767007230534748 -0.035021923729019459 -0.0002234755744812204 0.021690135453798103 -0.041410053466998317 -0.0081840707295585385 0.02337338031217924 0.01172421614514129 0.017497661500507057 -0.0081824620216050716 0.0090356076600673543 0.0026196040418139115 -0.029743915454794836 -0.0065643030643583915 -0.030369440675236333 0.017957843002732118 -0.0088796795917529935 -0.0095462385404036232 -0.026698189597122491 0.069777486100362648 0.0075592620691469006 -0.011223794923117373
leaf_weight=273.62696042656898 11.138187259435652 482.35628922283649 191.35859973728657 188.39746077358723 35.057173177599907 471.01737137138844 340.57880310714245 200.48999969661236 67.499825567007065 22.694766983389854 97.95277638733387 13.927619710564612 95.767383560538292 200.5109081864357 326.36303541064262 1422.9345891624689 285.60224848985672 74.8255974650383 127.0560489743948 3222.2553528994322 60.950511261820793 1077.7722233682871 64.320057675242424 77.904350951313972 105.66667920351028 33.850453495979309 4.8367288112640408 14.307952240109442 318.67982998490334 978.68862716853619
leaf_count=1229 45 1964 786 779 149 1949 1401 817 274 93 410 58 412 836 1313 5746 1155 305 512 13202 252 4527 272 320 432 140 20 59 1331 4154
internal_value=-6.31585e-05 0.00361774 -0.00724936 0.0026426 -0.00582286 -0.00021541 -0.00308357 0.00720409 -0.00322755 0.00151236 -0.00491811 -0.0177595 -0.0332297 -0.00346733 0.0177094 0.00872153 0.00363806 0.0121447 0.00422547 0.0023441 -0.00949714 -0.00499479 -0.00793472 -0.00859627 0.0025182 -0.0124968 0.0105496 0.0450402 0.00146555 -0.012296
internal_weight=10888.4 7200.15 3688.24 6735.59 3414.61 4140.93 2400.87 2594.66 328.94 3433.35 2060.29 207.648 109.695 1852.64 464.557 2265.72 842.784 360.428 138.194 3244.95 261.441 1661.28 1142.09 707.584 183.571 524.013 52.9951 19.1447 519.191 1013.75
internal_count=44942 29377 15565 27507 14336 16994 10033 10513 1343 14074 8632 880 470 7752 1870 9170 3424 1460 557 13295 1069 6966 4799 2920 752 2168 219 79 2167 4303
is_linear=0
shrinkage=0.05


Tree=15
num_leaves=31
num_cat=0
split_feature=0 7 7 11 19 11 10 14 11 6 10 5 11 11 7 7 21 7 5 10 9 16 19 6 14 21 9 10 21 9
split_gain=73.0242 32.9566 31.3388 30.2424 24.2332 29.4768 24.6976 21.5758 24.5314 22.3358 20.6206 19.3221 19.1083 29.2059 18.3796 19.4524 17.9261 18.6526 18.1096 17.6465 17.3968 17.3438 16.7765 16.7313 21.3861 17.6545 16.9186 15.5833 14.8223 16.4137
threshold=-0.39519449383660366 0.9055088238802943 -0.54514068365452129 1.7825684853022896 -0.052927983412344233 0.21648217398529532 1.6052377769791064 -1.8077148555261189 -0.82182322118940199 1.4045909657078142 -0.47267110736404322 -0.42865730010830067 -0.9044293103699671 -0.72104196044119628 -0.19120523894388045 -0.44067368521310496 -1.0000000180025095e-35 -0.36552478483592604 0.27228400393652613 -0.72623531536328223 -0.44818320540641621 -0.39140439114917625 -0.41465586266281934 -0.38611585986893943 -0.072263118350360131 0.37500000000000006 -0.12797065383700404 2.1081079393747686 -0.62499999999999989 -0.41414139236405495
decision_type=2 2 2 2 2 2 2 2 2 2 2 2 2 2 2 2 2 2 2 2 2 2 2 2 2 2 2 2 2 2
left_child=7 2 28 4 6 12 10 27 -9 -10 -4 -12 21 -14 15 -8 17 18 -5 -3 -21 -6 -11 -18 25 -25 -26 -1 29 -2
right_child=1 19 3 16 5 -7 14 8 9 22 11 -13 13 -15 -16 -17 23 -19 -20 20 -22 -23 -24 24 26 -27 -28 -29 -30 -31
leaf_value=0.022087396172734169 0.089015768356191127 0.05228238458235434 -0.0086076265258341073 0.060153474585522795 0.0029992155533471645 0.0021805431604525641 -0.045843766044906913 0.022692255834958132 0.0019437405001842094 0.033468350314487173 0.021597093416165822 0.0024122840236171822 -0.043505349476906464 -0.010535323278000169 -0.028274899866893768 0.026074681220193571 -0.048928562568456686 -0.011160781746591797 -0.026073349301475403 -0.069035847983303006 0.0046780787616005895 0.067207986502670472 0.0081122679777777887 0.01621466708938064 -0.048429310808859517 -0.026224929358121658 -0.016866606788441096 -0.0064624252521009173 4.2801855822130651e-05 0.011284608828413943
leaf_weight=309.85721682012081 6.0557842552661887 18.407023265957832 380.56773108243942 17.847257062792782 78.436112746596336 573.56489333510399 11.579080447554587 178.69970923662186 2341.9106932878494 96.908157467842102 147.40972624719143 1147.5475854426622 69.020475715398788 1803.7520688176155 124.58747102320194 36.180227592587471 56.403685584664345 217.120869576931 8.2093047648668271 7.0551750212907782 1158.1773320287466 11.203246325254439 200.67203909158707 61.174176409840584 69.945951879024506 39.438981249928474 112.12499818205833 55.713778853416443 1306.4743080586195 227.86823318898678
leaf_count=1247 25 76 1603 74 317 2376 48 717 9537 390 605 4754 309 7612 519 150 241 907 34 29 4722 45 812 261 310 173 475 224 5385 933
internal_value=-6.7951e-05 -0.00270481 -0.00410132 -0.00603391 -0.004608 -0.00778038 -0.000249738 0.00629848 0.00480977 0.00358905 0.00160537 0.004615 -0.0106939 -0.0117757 -0.0182189 0.00795315 -0.0167347 -0.00631012 0.0328427 0.00496461 0.00416866 0.0117322 0.0164708 -0.0241554 -0.0190397 -0.000466237 -0.0292176 0.0177169 0.00212581 0.0136885
internal_weight=10873.9 7690.15 6506.51 4966.11 4383.85 2535.98 1847.87 3183.76 2818.19 2639.49 1675.53 1294.96 1962.41 1872.77 172.347 47.7593 582.265 243.177 26.0566 1183.64 1165.23 89.6394 297.58 339.088 282.684 100.613 182.071 365.571 1540.4 233.924
internal_count=44910 31983 27156 20813 18338 10659 7679 12927 11456 10739 6962 5359 8283 7921 717 198 2475 1015 108 4827 4751 362 1202 1460 1219 434 785 1471 6343 958
is_linear=0
shrinkage=0.05


Tree=16
num_leaves=31
num_cat=0
split_feature=1 19 11 20 20 0 11 7 8 16 18 15 11 20 17 6 20 18 8 8 17 14 17 7 9 20 16 15 6 11
split_gain=107.212 42.6216 32.9087 28.401 24.3196 21.4771 21.417 23.7977 21.2123 20.9625 19.4507 18.8319 18.7072 18.5708 23.7596 17.8732 17.7074 16.9681 16.9374 16.3443 15.4192 17.9814 19.5226 15.2053 14.9142 14.5582 13.5922 13.4825 12.6438 12.4959
threshold=-0.51377454311149162 0.30744956508802418 -0.82182322118940199 -0.62499999999999989 -0.45833333333333331 -0.018145802512524945 1.0000000180025095e-35 0.77757346070767952 0.70918391705567141 -0.28137722923080094 -0.28445786424388037 -0.19879778439418347 -0.69903231441571689 0.12500000000000003 -0.39807579326921738 2.3504338858232292 0.70833333333333337 -0.42003140973716796 -0.90846373658048141 0.5127655455956629 1.9218344469254893 -2.0254586184287979 1.2079128614497348 -1.6307597407745873 1.1388722583507416 0.62500000000000011 1.8207886959719017 0.075285331694313548 -1.6048820347706383 -0.36889561479265637
decision_type=2 2 2 2 2 2 2 2 2 2 2 2 2 2 2 2 2 2 2 2 2 2 2 2 2 2 2 2 2 2
left_child=4 5 -3 23 11 8 7 9 13 10 -5 -1 17 24 27 19 18 -6 -7 -8 21 22 -20 -4 -2 -17 -26 29 -21 -15
right_child=1 2 3 6 12 16 15 -9 -10 -11 -12 -13 -14 14 -16 25 -18 -19 20 28 -22 -23 -24 -25 26 -27 -28 -29 -30 -31
leaf_value=-0.0035069253537275205 0.0011795637493806927 0.016040474047539745 0.01684275026427039 -0.0049969753016794252 0.014407505947509223 -0.0078669403103249751 -0.0042355592004842063 0.0099650679292528355 0.035246729857941785 -0.01789446245014812 0.041910714996634242 -0.026538175495623401 -0.0054950372236522013 0.032360086793064291 0.0077381054933260071 -0.033297114202131183 -0.010181192580108496 -0.039840590121204264 0.0076961479459806761 -0.018301588405166307 -0.035568689544920006 0.003014552025358044 0.039952977510546217 -0.015514321999200584 0.015372289098368526 0.026593555157398141 -0.016170642050645549 0.048126701127473165 0.0088432649882598247 0.0071421337787410241
leaf_weight=114.84562413394451 1639.8706402629614 218.06053601205349 37.748375296592712 421.51680511236191 17.19971390068531 338.36663195490837 438.24918858706951 172.74852707982063 63.85239964723587 446.72562225162983 22.309827581048012 402.92264372110367 826.85791370272636 90.742017075419426 1197.7512207180262 55.149810865521431 316.00367736816406 72.974251300096512 143.15904414653778 44.103967413306236 23.005779281258583 1696.9557836353779 69.635484248399734 587.05244614183903 338.70639729499817 11.502104893326758 37.003684863448143 49.018222227692604 865.79835124313831 108.72807975113392
leaf_count=489 6693 878 156 1759 74 1387 1806 706 261 1870 93 1754 3545 370 4870 225 1306 330 582 181 95 6975 283 2456 1368 47 151 199 3559 442
internal_value=-6.4893e-05 0.00187173 -0.00268645 -0.00400887 -0.0127941 0.00434896 -0.00160241 -0.0069621 0.0068874 -0.0102587 -0.00253891 -0.0214559 -0.00787998 0.00635285 0.010676 0.00242423 0.00088637 -0.029394 0.00243231 0.00368334 0.00424112 0.00474167 0.0184129 -0.0135276 0.00324462 -0.0226476 0.0122177 0.0247294 0.00750339 0.0187433
internal_weight=10868.6 9433.76 3320.97 3102.91 1434.8 6112.8 2478.1 1063.3 3525.67 890.552 443.827 517.768 917.032 3461.82 1446.24 1414.8 2587.13 90.174 2271.12 1348.15 1932.76 1909.75 212.795 624.801 2015.58 66.6519 375.71 248.488 909.902 199.47
internal_count=44910 38718 13736 12858 6192 24982 10246 4428 14354 3722 1852 2243 3949 14093 5881 5818 10628 404 9322 5546 7935 7840 865 2612 8212 272 1519 1011 3740 812
is_linear=0
shrinkage=0.05


Tree=17
num_leaves=31
num_cat=0
split_feature=1 19 21 11 20 21 19 1 11 13 11 11 4 18 4 7 13 17 7 15 7 7 15 8 18 20 16 18 18 7
split_gain=97.1361 38.4694 41.1229 29.1436 26.9639 24.0739 28.7811 23.2869 22.2766 32.1959 21.9291 22.303 30.1849 21.003 19.791 20.3615 24.549 23.8923 19.7279 19.3867 17.6476 17.6293 21.6995 17.5059 17.4032 17.3582 25.0414 21.7879 21.1057 22.542
threshold=-0.51377454311149162 0.30744956508802418 0.37500000000000006 -0.63935605335353796 -0.62499999999999989 1.0000000180025095e-35 -0.58522086985631161 -0.76336109896738769 -0.053393129034379781 0.23905144084382679 0.46875647471234388 -0.82182322118940199 -0.52603636089689954 -0.38457523422387468 -0.35210769208705678 -0.56935131627108548 3.8630042259427855 0.20899494640373137 0.043465254056275208 0.13960038206365355 -1.251499986243884 -0.70264911402448427 0.1458901709405869 0.60708754524759068 1.9655930922371745 -1.0000000180025095e-35 -0.41490070029040155 -0.29787848635812303 -0.11878866038796269 0.67329823540834222
decision_type=2 2 2 2 2 2 2 2 2 2 2 2 2 2 2 2 2 2 2 2 2 2 2 2 2 2 2 2 2 2
left_child=7 5 4 -4 8 10 -7 -1 9 -3 11 12 -2 -12 -15 17 -17 -16 -14 -9 -10 -11 -23 -6 -25 26 -8 -28 29 -27
right_child=1 2 3 -5 23 6 25 19 20 21 13 -13 18 14 15 16 -18 -19 -20 -21 -22 22 -24 24 -26 28 27 -29 -30 -31
leaf_value=-0.033721679514259396 -0.024494736946795437 -0.02018505606559607 0.01457282921678571 -0.015263944731967561 -0.0023310480950562212 0.015512652397799143 -0.019186570623813248 -0.0062285730249683029 0.013549921707417301 -0.029496013194898359 0.027990239671304373 -0.0024944421062930472 0.073145927530398946 -0.037381886503121957 0.036441093410417617 0.00020356152452761912 0.04567611907095484 0.0057948887308235664 0.019316807998802157 -0.019402486873659752 -0.023221730317532725 -0.017031789340056194 0.039647751703060091 0.0078315347193639289 -0.053406088098385956 0.010482255264274765 0.019360696078410355 -0.0015856752177548427 0.00089108583104978076 0.037352621712818043
leaf_weight=114.94737848639488 32.815993219614029 84.282324567437172 90.783654436469078 756.99565772712231 811.15074750781059 828.34740120172501 151.92077589035034 910.60327015817165 36.551714465022087 14.544369652867315 107.88208594918251 2253.7980912923813 20.133020043373108 25.937371790409088 104.68984773755074 764.57057793438435 29.890233129262924 162.08247745037079 97.825732231140137 404.10132095217705 254.85678599774837 20.630959168076515 79.27414359152317 1158.4760287553072 10.713798552751539 330.16252441704273 159.00926722586155 551.95341350138187 392.17690950632095 102.20101292431355
leaf_count=544 132 355 371 3188 3341 3356 622 3894 150 60 437 9237 81 105 424 3120 121 654 393 1754 1061 85 330 4750 45 1354 651 2270 1612 413
internal_value=-6.18519e-05 0.00177865 -0.00255448 -0.0120496 0.000705432 0.00413069 0.0078827 -0.0122028 -0.00977982 0.00310091 0.00150556 -0.00124419 0.0173051 0.00703895 0.0049315 0.0060046 0.00197594 0.0179313 0.029084 -0.0102933 -0.0185618 0.0203187 0.0278408 0.00330671 0.00722096 0.00412727 -0.000825272 0.00311264 0.00931089 0.0169169
internal_weight=10863.3 9433.66 3318.26 847.779 2470.48 6115.4 2515.77 1429.65 490.14 198.732 3599.63 2404.57 150.775 1195.05 1087.17 1061.23 794.461 266.772 117.959 1314.7 291.409 114.449 99.9051 1980.34 1169.19 1687.42 862.883 710.963 824.54 432.364
internal_count=44910 38718 13736 3559 10177 24982 10278 6192 2041 830 14704 9843 606 4861 4424 4319 3241 1078 474 5648 1211 475 415 8136 4795 6922 3543 2921 3379 1767
is_linear=0
shrinkage=0.05


Tree=18
num_leaves=31
num_cat=0
split_feature=0 7 7 19 11 11 21 14 6 11 11 11 9 6 5 18 11 17 7 14 11 7 17 11 7 5 21 19 18 6
split_gain=57.3429 27.4842 27.7306 22.4878 26.6525 20.7496 19.5465 18.6155 21.4391 18.2527 16.9622 36.0139 23.5223 15.8499 15.16 16.204 17.2776 24.8756 21.3879 20.7446 13.8537 17.9623 13.802 13.5316 16.8061 14.1227 13.2709 16.4503 19.6408 16.256
threshold=-0.39519449383660366 0.76449998874517944 -0.54514068365452129 -0.56889202962696017 1.7825684853022896 0.45567648229895724 -1.0000000180025095e-35 -1.8077148555261189 1.4045909657078142 -0.82182322118940199 -0.9044293103699671 -0.55356648850856216 -0.36513330987086595 -0.38611585986893943 -0.54409825588981453 -0.1318546672712145 0.2553119224205978 -0.30460939604951692 0.9800523333069987 -0.26940782477278302 6.2930394515960577 0.32373966424337264 0.28339237427680203 -0.54646004416501692 -1.9721941689584701 0.79733402413445087 -1.0000000180025095e-35 0.087614316414989971 0.87793999792177002 0.3814243191763047
decision_type=2 2 2 2 2 2 2 2 2 2 2 2 2 2 2 2 2 2 2 2 2 2 2 2 2 2 2 2 2 2
left_child=7 2 26 -4 5 10 20 -1 9 -9 12 -12 -5 -8 -3 16 17 19 -18 -16 22 -22 -6 24 -11 -25 -2 29 -29 -28
right_child=1 14 3 4 6 -7 13 8 -10 23 11 -13 -14 -15 15 -17 18 -19 -20 -21 21 -23 -24 25 -26 -27 27 28 -30 -31
leaf_value=0.016177168192545614 0.0071451885714970426 -0.026845809750782924 0.001981168893514173 0.056958268950296279 -0.0042972437051649118 0.0040437783516570607 -0.057319832581742197 0.020622014187614925 0.015848884961253855 0.063506458881374891 -0.022891489290227485 -0.0059406697910913929 -4.7877451431285625e-06 -0.022252381511696118 0.043747366847356209 -0.00052074250415919847 0.030001364731424479 0.031317798568262813 -0.0094465198699411768 0.0023534452423615115 0.06029489750437185 -0.04365617351585379 -0.041907314414634578 0.0046889187016005626 -0.017824850474851075 -0.0047322311416448026 0.0011989128470426985 -0.0037654168286543818 -0.030710672106395262 0.031856265886545269
leaf_weight=366.00643935799599 687.61118084192276 38.152692332863808 782.76878628134727 22.057454332709312 139.7556738704443 462.483009070158 37.697541669011116 131.4518645554781 345.39654266834259 5.6905977576971045 357.17082318663597 2535.6069297194481 83.867937490344048 225.79121828079224 33.190473899245262 721.16738252341747 41.941696614027023 163.04629527032375 170.73650927841663 268.18499845266342 14.290658086538317 4.8325541615486136 28.743406102061272 1691.2265898287296 127.60891160368919 518.66750088334084 382.42995953559875 338.2764935195446 83.844538375735283 47.828722670674324
leaf_count=1471 2815 156 3239 89 589 1915 166 527 1392 23 1577 10673 338 990 134 2959 171 661 695 1089 59 20 120 6878 523 2113 1563 1417 353 195
internal_value=-5.91768e-05 -0.00240132 -0.00383813 -0.00574781 -0.0072956 -0.00580012 -0.0187206 0.00557774 0.00419505 0.00256071 -0.00732082 -0.0080425 0.012232 -0.0274862 0.00383025 0.00468942 0.0102386 0.0156349 -0.00153971 0.0070583 -0.00630363 0.0329133 -0.0109518 0.00153698 -0.0138685 0.00247435 0.00198074 -0.00218303 -0.00918922 0.00468443
internal_weight=10857.5 7671.48 6235.06 4695.07 3912.3 3461.19 451.111 3186.05 2820.04 2474.65 2998.7 2892.78 105.925 263.489 1436.42 1398.27 677.1 464.422 212.678 301.375 187.622 19.1232 168.499 2343.19 133.3 2209.89 1539.99 852.38 422.121 430.259
internal_count=44910 31983 26118 19775 16536 14592 1944 12927 11456 10064 12677 12250 427 1156 5865 5709 2750 1884 866 1223 788 79 709 9537 546 8991 6343 3528 1770 1758
is_linear=0
shrinkage=0.05


Tree=19
num_leaves=31
num_cat=0
split_feature=0 7 7 11 19 11 10 11 10 5 7 7 9 10 9 6 21 7 7 6 7 13 11 7 11 4 4 11 19 7
split_gain=51.7874 25.0761 23.4926 25.4993 19.1733 23.2618 22.8883 17.6757 17.3557 17.3993 16.8279 17.7054 16.6961 16.173 15.4804 15.1599 14.7635 16.353 16.2684 14.9198 14.6316 14.495 15.51 14.1039 22.186 17.937 17.5764 17.3044 14.0373 14.7644
threshold=-0.39519449383660366 0.9055088238802943 -0.54514068365452129 1.7825684853022896 -0.052927983412344233 0.21648217398529532 1.6052377769791064 0.17739682936819204 -0.47267110736404322 -0.42865730010830067 -0.19120523894388045 -0.44067368521310496 0.57501636988567861 -0.72623531536328223 -0.44818320540641621 1.4045909657078142 -1.0000000180025095e-35 -0.36552478483592604 -0.46920612923524813 -0.38611585986893943 -0.096798615159336951 -2.044776774524907 -0.82182322118940199 0.9800523333069987 0.052130076648103763 1.7990214831953217 1.7532815571172879 0.39380001234341316 0.27807502294411629 0.35194093401777887
decision_type=2 2 2 2 2 2 2 2 2 2 2 2 2 2 2 2 2 2 2 2 2 2 2 2 2 2 2 2 2 2
left_child=15 2 -2 4 6 7 8 12 20 -10 11 -8 -6 -3 -15 21 17 18 -5 -18 -4 -1 -23 24 -16 26 27 -25 -7 -30
right_child=1 13 3 16 5 28 10 -9 9 -11 -12 -13 -14 14 23 -17 19 -19 -20 -21 -22 22 -24 25 -26 -27 -28 -29 29 -31
leaf_value=0.013752846953762936 0.0018812867630056856 0.049543121751445374 0.0046025611280628258 -0.0046901207916734272 -0.010524841672025165 0.015802242465845075 -0.043968651527159355 -0.040475327494489725 0.020636697118325095 0.0024444311918918726 -0.027018262718668154 0.024849136230703957 0.0026852826663077566 -0.065953638990230726 -0.0020434052274934458 0.015168381835717212 -0.045596334468894245 -0.010189509372331642 0.072214518602736741 -0.017046320138555487 -0.015484157620924036 0.019433854273838966 0.0018317661255933969 0.0088132507447336878 0.041425470816761754 -0.033437012786733014 0.082179674704492542 -0.0043714586992382237 -0.0096800812921353039 0.0092174910480896082
leaf_weight=340.7142727971077 1540.0953281521797 18.5382169932127 147.98964689671993 14.475524172186853 1623.5281470268965 140.54657498002052 11.463681697845457 43.643232092261314 147.68358683586121 1146.6601507216692 123.80136924982071 36.308933719992638 279.39134758710861 6.9320181161165229 55.950490847229958 346.23230500519276 54.930517420172691 216.06589315831661 11.721714586019514 278.82953789830208 230.27621887624264 131.25193737447262 2368.7676697671413 554.13487687706947 60.064113855361938 33.026774972677231 6.0482109934091559 449.67835533618927 264.73394569754601 168.01477102935314
leaf_count=1367 6343 76 629 60 6927 582 48 183 605 4754 519 150 1173 29 228 1394 241 907 48 1219 974 526 9640 2249 246 137 25 1837 1102 692
internal_value=-5.63329e-05 -0.0022841 -0.00350722 -0.00518817 -0.00387948 -0.00671383 -2.43972e-06 -0.00932033 0.00178257 0.00453834 -0.0173423 0.00766995 -0.00858228 0.00440111 0.00363717 0.00529884 -0.0150704 -0.00561402 0.0309263 -0.0218822 -0.007621 0.00408925 0.00276528 0.00411424 0.0205807 0.00225971 0.00346402 0.00290345 0.00212838 -0.00232723
internal_weight=10851.5 7664.53 6480.16 4940.06 4364.04 2519.86 1844.18 1946.56 1672.61 1294.34 171.574 47.7726 1902.92 1184.37 1165.83 3186.97 576.023 242.263 26.1972 333.76 378.266 2840.73 2500.02 1158.9 116.015 1042.89 1009.86 1003.81 573.295 432.749
internal_count=44910 31983 27156 20813 18338 10659 7679 8283 6962 5359 717 198 8100 4827 4751 12927 2475 1015 108 1460 1603 11533 10166 4722 474 4248 4111 4086 2376 1794
is_linear=0
shrinkage=0.05


Tree=20
num_leaves=31
num_cat=0
split_feature=0 10 3 3 11 14 6 7 3 4 21 11 9 12 10 13 7 4 6 20 9 11 13 6 8 10 12 12 15 15
split_gain=45.216 22.4534 46.0407 25.7595 17.1607 15.9692 14.9905 14.6682 14.3143 17.0935 18.7836 14.6161 14.1659 14.0918 16.378 32.8737 21.2065 19.2715 18.0336 12.8696 13.5048 12.4842 12.2823 12.057 11.9116 11.5521 11.5263 11.2758 11.0854 11.0065
threshold=-0.39519449383660366 -0.59262947312033576 -0.21487350510884376 -0.49100788203014961 -0.98740483734475382 -1.8077148555261189 -2.8629723441233144 1.3795305093467576 -0.47940735135666551 -0.29584963765329103 0.62500000000000011 -0.41370519056576455 -0.44818320540641621 3.9542965789459616 0.052924082716491155 -0.29736333237783502 0.9055088238802943 0.84414035195287507 2.0489787136333275 -0.12499999999999999 -0.31352745537513776 -0.065018760335047249 -0.7133517798704333 0.21007836257253493 0.24957950869906162 2.1081079393747686 0.24551736658103412 -0.29220418400271453 1.786747105219759 0.040908103474590028
decision_type=2 2 2 2 2 2 2 2 2 2 2 2 2 2 2 2 2 2 2 2 2 2 2 2 2 2 2 2 2 2
left_child=5 2 3 -2 -3 25 22 19 -5 10 11 -10 -12 14 15 23 17 -16 -18 20 27 24 -6 -8 -11 28 -17 -7 -1 -4
right_child=1 4 29 8 6 7 13 -9 9 21 12 -13 -14 -15 16 26 18 -19 -20 -21 -22 -23 -24 -25 -26 -27 -28 -29 -30 -31
leaf_value=0.023968160021147135 -0.023468840445095077 0.037107660183660643 -0.012801624176021787 0.082847366928757341 0.026437818517889285 0.010591247774299673 0.0080412304276892312 0.013876356766340817 -0.027401218451874335 0.037245836182885343 0.079864762726042815 0.0045109130296020995 0.014042315458584559 0.01744450008167505 -0.0083257528609864458 -0.0042666965749732465 0.0087350407649484166 0.0016464882653237551 -0.01370500096197046 0.0057438396206354481 0.0011767479005465812 0.07473911047467717 -0.017401176948150465 0.029139081435777339 -0.012525566557256534 -0.0054924865048676386 0.0027749724949655344 -0.018532042091834591 0.0022208602333049087 -0.02857130540377105
leaf_weight=237.0626237988472 67.554289698600769 28.328381657600403 235.67176924645901 5.7555416077375403 80.586009249091148 40.352214232087135 617.61148858070374 320.39023731648922 53.869847103953362 32.40038625895977 9.7571341544389707 102.49203397333622 37.950982928276062 95.660814121365547 2137.37987190485 1702.9910001158714 468.24172924458981 624.98924964666367 109.56691336631775 1375.7014110982418 896.42206275463104 12.437135845422743 18.981271222233772 75.641559824347496 17.959912598133087 58.274054303765297 880.19996145367622 169.46565337479115 78.713862195611 215.74300573766232
leaf_count=951 284 114 1016 24 327 166 2556 1288 228 136 42 427 160 395 8920 7167 1903 2583 445 5581 3648 52 78 309 77 234 3668 694 317 956
internal_value=0.000109642 -0.00197628 -0.00994381 0.0039306 -0.00105217 0.00512202 -0.00121702 0.00382124 0.0107992 0.00892323 0.00182582 -0.00655595 0.0289701 -0.00150458 -0.00178189 0.000728481 -0.00424533 -0.00606793 0.00445489 0.00251616 -0.00149477 0.0315188 0.0179408 0.0103891 0.0195003 0.0148177 -0.00186523 -0.0128837 0.0185871 -0.0203959
internal_weight=10808.2 7631.77 791.592 340.177 6840.18 3176.38 6811.85 2802.33 272.623 266.867 204.07 156.362 47.7081 6712.28 6616.62 3276.44 3340.18 2762.37 577.809 2481.94 1106.24 62.7974 99.5673 693.253 50.3603 374.051 2583.19 209.818 315.776 451.415
internal_count=44746 31867 3402 1430 28465 12879 28351 11377 1146 1122 857 655 202 27946 27551 13700 13851 11503 2348 10089 4508 265 405 2865 213 1502 10835 860 1268 1972
is_linear=0
shrinkage=0.05


end of trees

feature_importances:
Column_11=85
Column_7=74
Column_19=51
Column_21=47
Column_6=38
Column_10=37
Column_20=37
Column_1=31
Column_9=27
Column_17=25
Column_13=22
Column_0=19
Column_14=19
Column_5=18
Column_8=17
Column_4=16
Column_18=16
Column_15=14
Column_3=9
Column_12=9
Column_16=9
Column_2=7
Column_22=3

parameters:
[boosting: gbdt]
[objective: binary]
[metric: binary_logloss]
[tree_learner: serial]
[device_type: cpu]
[data_sample_strategy: bagging]
[data: ]
[valid: ]
[num_iterations: 300]
[learning_rate: 0.05]
[num_leaves: 31]
[num_threads: 0]
[seed: 42]
[deterministic: 0]
[force_col_wise: 0]
[force_row_wise: 0]
[histogram_pool_size: -1]
[max_depth: 8]
[min_data_in_leaf: 20]
[min_sum_hessian_in_leaf: 0.001]
[bagging_fraction: 0.8]
[pos_bagging_fraction: 1]
[neg_bagging_fraction: 1]
[bagging_freq: 5]
[bagging_seed: 400]
[bagging_by_query: 0]
[feature_fraction: 0.8]
[feature_fraction_bynode: 1]
[feature_fraction_seed: 30056]
[extra_trees: 0]
[extra_seed: 12879]
[early_stopping_round: 0]
[early_stopping_min_delta: 0]
[first_metric_only: 0]
[max_delta_step: 0]
[lambda_l1: 0.1]
[lambda_l2: 1]
[linear_lambda: 0]
[min_gain_to_split: 0]
[drop_rate: 0.1]
[max_drop: 50]
[skip_drop: 0.5]
[xgboost_dart_mode: 0]
[uniform_drop: 0]
[drop_seed: 17869]
[top_rate: 0.2]
[other_rate: 0.1]
[min_data_per_group: 100]
[max_cat_threshold: 32]
[cat_l2: 10]
[cat_smooth: 10]
[max_cat_to_onehot: 4]
[top_k: 20]
[monotone_constraints: ]
[monotone_constraints_method: basic]
[monotone_penalty: 0]
[feature_contri: ]
[forcedsplits_filename: ]
[refit_decay_rate: 0.9]
[cegb_tradeoff: 1]
[cegb_penalty_split: 0]
[cegb_penalty_feature_lazy: ]
[cegb_penalty_feature_coupled: ]
[path_smooth: 0]
[interaction_constraints: ]
[verbosity: -1]
[saved_feature_importance_type: 0]
[use_quantized_grad: 0]
[num_grad_quant_bins: 4]
[quant_train_renew_leaf: 0]
[stochastic_rounding: 1]
[linear_tree: 0]
[max_bin: 255]
[max_bin_by_feature: ]
[min_data_in_bin: 3]
[bin_construct_sample_cnt: 200000]
[data_random_seed: 175]
[is_enable_sparse: 1]
[enable_bundle: 1]
[use_missing: 1]
[zero_as_missing: 0]
[feature_pre_filter: 1]
[pre_partition: 0]
[two_round: 0]
[header: 0]
[label_column: ]
[weight_column: ]
[group_column: ]
[ignore_column: ]
[categorical_feature: ]
[forcedbins_filename: ]
[precise_float_parser: 0]
[parser_config_file: ]
[objective_seed: 16083]
[num_class: 1]
[is_unbalance: 0]
[scale_pos_weight: 1]
[sigmoid: 1]
[boost_from_average: 1]
[reg_sqrt: 0]
[alpha: 0.9]
[fair_c: 1]
[poisson_max_delta_step: 0.7]
[tweedie_variance_power: 1.5]
[lambdarank_truncation_level: 30]
[lambdarank_norm: 1]
[label_gain: ]
[lambdarank_position_bias_regularization: 0]
[eval_at: ]
[multi_error_top_k: 1]
[auc_mu_weights: ]
[num_machines: 1]
[local_listen_port: 12400]
[time_out: 120]
[machine_list_filename: ]
[machines: ]
[gpu_platform_id: -1]
[gpu_device_id: -1]
[gpu_use_dp: 0]
[num_gpu: 1]

end of parameters

pandas_categorical:null
