tree
version=v4
num_class=1
num_tree_per_iteration=1
label_index=0
max_feature_idx=22
objective=binary sigmoid:1
feature_names=Column_0 Column_1 Column_2 Column_3 Column_4 Column_5 Column_6 Column_7 Column_8 Column_9 Column_10 Column_11 Column_12 Column_13 Column_14 Column_15 Column_16 Column_17 Column_18 Column_19 Column_20 Column_21 Column_22
feature_infos=[-33.521189997688538:22.613836151384806] [-1.0469336409541135:86.609318052440571] [-1.3650206488587895:45.424367367333033] [-0.26727073390945433:3.6006449116471035] [-0.26677473830763682:3.5761292734491832] [-0.26575472780542675:3.5224742796719046] [-11.430104175957746:6.5504665540502707] [-6.6976493915952027:6.8728786700003335] [-1.8440662229903344:1.8440662229903344] [-0.36934702382302809:19.018527429791817] [-1.2049192681842191:7.8095677646790786] [-0.81467773627274465:11.487365259041864] [-1.2846833935510402:18.972249959777301] [-35.913624582608648:21.983333743106357] [-34.729367809724721:20.480673011506589] [-45.068785269327705:28.424115453930007] [-0.26684380939926872:3.5813408967193125] [-0.26987264918393944:3.5819521414691922] [-0.27550421365115818:3.6815544759529772] [-1.9875056870536492:1.9444825369403318] [-1:0.91666666666666663] [-0.75:0.75] [0:1]
tree_sizes=3403 3440 3453 3454 3454 3456 3447 3454 3452 3425 3446 3469 3486 3457 3449

Tree=0
num_leaves=31
num_cat=0
split_feature=11 11 11 6 14 5 7 10 7 18 6 3 0 11 7 11 11 0 8 12 12 5 15 15 13 4 8 19 4 7
split_gain=776.552 134.581 124.283 61.3385 44.375 41.034 38.6136 37.8499 36.5082 44.4893 32.6266 28.4563 27.7961 27.1547 26.7981 25.9747 24.2852 23.8398 23.229 23.2225 21.469 20.4556 20.1756 20.0667 19.9448 19.4071 19.1527 28.8713 34.1777 23.908
threshold=-0.070160884789989511 -0.43534029337641345 0.86687637172696086 -1.3986563086450865 -2.4519122087566489 -0.097009229098513214 -1.9483443479107623 0.58200580112554101 0.59174576261132183 -0.23054986067008637 -0.55340152974667034 2.644151296272411 -0.89359526082470608 1.110905106079545 -0.65438747257085528 0.12638398296627049 -0.65761540146316155 -0.43132583641770955 -0.077918291112267765 -0.65883046187142325 0.060253103741608256 -0.26089912201554505 -6.4189729311920845 -0.59986199223132175 -0.6958987483206992 2.4843566299695774 0.87784518728353966 0.027403818662621194 2.8344918269478687 -1.4498552837579599
decision_type=2 2 2 2 2 2 2 2 2 2 2 2 2 2 2 2 2 2 2 2 2 2 2 2 2 2 2 2 2 2
left_child=1 5 8 6 -3 16 -4 10 12 -10 19 25 -2 -8 18 -11 -1 -15 -12 -6 -7 -18 -13 -9 -16 -5 27 -14 29 -29
right_child=2 4 3 11 7 20 13 23 9 15 14 22 26 17 24 -17 21 -19 -20 -21 -22 -23 -24 -25 -26 -27 -28 28 -30 -31
leaf_value=-1.0878530075965673 -0.93245643597225425 -0.81016012245879487 -0.82231765171084548 -0.93969183214573504 -1.0690836283425296 -1.0464350040205215 -0.99911556513797217 -0.9843511870787004 -0.80071052057563352 -1.0328430783000828 -0.99613337108970068 -0.91829198715881588 -0.977064004713592 -0.83971449350624561 -0.91856969571945057 -0.98333611877509852 -0.91330590853494087 -0.92806976779435191 -1.0748350998341485 -0.94346184065112759 -0.99873208590061391 -1.0533253624209724 -1.0426665858000785 -1.0519796008517286 -1.0027255812831528 -0.85964476906647502 -0.99902756410305515 -1.0123980356068314 -1.0867782165139743 -0.93208640208052262
leaf_weight=264.9331870675087 263.15378506481647 9.8855666816234571 70.780657440423965 894.24836201965809 15.026061356067656 188.22118961811066 28.8658547103405 52.393503412604332 10.478700682520865 138.59564487636089 62.279070094227791 16.80546335875988 648.88859698176384 51.009524077177048 27.481875374913216 432.19697532057762 9.2924326807260496 85.213584795594215 96.483130812644958 133.85057286918163 191.7799936234951 625.75637094676495 43.694204732775688 247.73230104148388 949.01440143585205 30.842968046665192 172.40428292751312 39.542266726493835 14.828350022435187 409.2624606192112
leaf_count=1340 1331 50 358 4523 76 952 146 265 53 701 315 85 3282 258 139 2186 47 431 488 677 970 3165 221 1253 4800 156 872 200 75 2070
internal_value=-0.988139 -1.02627 -0.955438 -0.930019 -1.00683 -1.05041 -0.884193 -1.00824 -0.970059 -0.991392 -1.00071 -0.941147 -0.96204 -0.912093 -1.0065 -0.995408 -1.06207 -0.893586 -1.04445 -0.956957 -1.02255 -1.05107 -1.00695 -1.04015 -1.00023 -0.936798 -0.968172 -0.963364 -0.94433 -0.939265
internal_weight=6224.94 2874.13 3350.81 1221.46 1594.15 1279.98 235.87 1584.26 2129.35 581.271 1284.14 985.591 1548.08 165.089 1135.26 570.793 899.982 136.223 158.762 148.877 380.001 635.049 60.4997 300.126 976.496 925.091 1284.93 1112.52 463.633 448.805
internal_count=31485 14537 16948 6178 8063 6474 1193 8013 10770 2940 6495 4985 7830 835 5742 2887 4552 689 803 753 1922 3212 306 1518 4939 4679 6499 5627 2345 2270
is_linear=0
shrinkage=1


Tree=1
num_leaves=31
num_cat=0
split_feature=1 11 1 6 9 11 8 7 3 0 11 6 3 5 0 21 1 7 12 9 10 11 13 11 9 7 6 21 14 13
split_gain=641.948 142.26 133.818 54.7793 47.1843 38.2681 36.6879 34.1492 29.9629 27.593 26.0924 22.8183 22.3134 21.6384 20.7138 20.1011 19.5226 17.31 17.1121 16.0557 20.9433 15.9959 16.4049 15.3397 15.2528 25.5203 20.28 15.1885 18.9751 33.3315
threshold=-0.19247417527928179 0.40682202456730415 -0.59856565466932665 -1.160511618332319 0.66029648878496727 -0.27920101715007167 0.48735864070963064 -1.9483443479107623 2.7907164968399329 -1.5957997505445858 0.18109478116340125 -0.15697580670457509 -0.2233374177737649 -0.23809705932576358 -2.1051020961171383 0.62500000000000011 0.31708375419311791 0.39378227762697426 1.5967485110656165 -0.30710178460993198 0.58200580112554101 0.61001545302536442 0.86598485484747079 3.9589352842673149 0.032579836324999105 -0.0083522471233804345 0.11347837461388893 -0.37499999999999994 2.0017305993258643 5.7738446293749837
decision_type=2 2 2 2 2 2 2 2 2 2 2 2 2 2 2 2 2 2 2 2 2 2 2 2 2 2 2 2 2 2
left_child=2 5 -1 7 10 11 13 -3 12 -9 19 -2 -5 -7 -14 18 -15 -6 27 -4 -21 22 -17 -23 25 -12 -27 28 -16 -30
right_child=1 3 4 8 17 6 -8 9 -10 -11 24 -13 14 16 15 21 -18 -19 -20 20 -22 23 -24 -25 -26 26 -28 -29 29 -31
leaf_value=-0.079102616139382659 0.0071279481264253167 0.13464330946061961 -0.069987151085986063 0.1876674589262132 0.045728021091653193 0.18086385282098355 -0.012303742622448658 0.12841910410244378 -0.037291667979059702 0.047918838708081911 0.12544667309204949 -0.036263778503333614 0.079750383344898451 0.010108293521470538 0.002639556389396485 0.11703735914151062 0.037133225896439172 -0.024353807268980537 0.078228242282765925 -0.025952797997847027 -0.058459447291863059 -0.028334507759369999 -0.052118470508790551 0.11710047637870154 -0.020953967313951445 -0.066881447388548301 0.059815574171627875 0.042326880245463522 0.092981545687250075 -0.035193197205614986
leaf_weight=672.65069800615311 207.40028551220894 82.971220076084137 128.4373135715723 8.5894833505153638 114.3134691119194 7.2220637053251258 388.16180764138699 51.142890349030495 53.011944189667702 260.57132788002491 22.358232751488686 286.44020727276802 105.84040869772434 608.97921386361122 257.37573252618313 17.634602382779125 481.04892471432686 49.126933857798576 96.65821248292923 983.1879880130291 250.96343387663364 106.40348766744137 6.9730790704488745 6.2627009749412528 87.576753556728363 22.869622245430946 24.723931819200516 739.20952342450619 66.202355206012726 27.755218863487244
leaf_count=3502 1061 393 671 43 573 36 1963 248 270 1292 112 1472 524 3074 1280 88 2414 248 481 5031 1294 528 35 31 439 115 124 3676 329 138
internal_value=-0.00029328 0.0247771 -0.0414246 0.044416 -0.0263018 0.00602798 0.0140511 0.0775697 0.0355628 0.0617421 -0.0317971 -0.0180336 0.0382968 0.0233966 0.0371901 0.0336876 0.0220878 0.0245117 0.0378728 -0.03625 -0.0326421 -0.00238169 0.0680972 -0.0186428 0.00657208 0.0410299 -0.000840764 0.0341751 0.0168601 0.054951
internal_weight=6222.06 3865.85 2356.21 1886.6 1683.56 1979.25 1485.41 394.685 1491.92 311.714 1520.12 493.84 1438.9 1097.25 1430.32 1324.47 1090.03 163.44 1187.2 1362.59 1234.15 137.274 24.6077 112.666 157.529 69.9518 47.5936 1090.54 351.333 93.9576
internal_count=31485 19376 12109 9356 8607 10020 7487 1933 7423 1540 7786 2533 7153 5524 7110 6586 5488 821 5904 6996 6325 682 123 559 790 351 239 5423 1747 467
is_linear=0
shrinkage=0.1


Tree=2
num_leaves=31
num_cat=0
split_feature=1 1 1 6 4 3 9 8 17 16 7 19 5 10 10 5 9 10 10 0 1 7 18 9 8 10 20 13 13 10
split_gain=529.015 157.716 71.4318 47.8625 44.8625 22.9212 27.3042 31.0651 27.9318 19.2012 16.9405 16.8927 15.9717 16.9898 15.1734 19.0162 14.6469 16.9682 14.3059 16.5586 15.9914 14.0694 13.5346 12.9178 12.5475 13.9151 25.5068 16.1618 12.3602 11.6971
threshold=-0.3490683841824434 0.63619511500647941 -0.63445727114221906 -1.4976747253090072 0.059009694219563757 0.0019831033148459188 -0.10093732427350578 -0.22038321808495334 -0.032988697494533502 2.8369700081207614 -1.9483443479107623 -0.16763663126172876 -0.031843702714539006 1.0846556506786207 -0.036456485451515842 -0.046012440133138648 -0.30710178460993198 0.55409842284775646 -0.50289102261632401 0.58034446839608134 1.2729818372954169 -1.0101740484952473 -0.11596724915786717 0.18546453680658062 0.38011165095761112 1.405517867694188 -0.79166666666666663 -13.101414801174995 5.7738446293749837 -0.4379974990726489
decision_type=2 2 2 2 2 2 2 2 2 2 2 2 2 2 2 2 2 2 2 2 2 2 2 2 2 2 2 2 2 2
left_child=2 4 -1 10 5 6 -2 12 -9 28 -3 -11 23 -14 -10 -16 -4 -18 -5 20 -20 -22 -23 -8 25 26 -12 -27 -6 -21
right_child=1 3 16 18 9 -7 7 8 14 11 24 -13 13 -15 15 -17 17 -19 19 29 21 22 -24 -25 -26 27 -28 -29 -30 -31
leaf_value=-0.078941260515031184 -0.012815202518845676 0.12466931862688738 -0.06647123288318009 0.0063196774641401752 0.021139705254469773 -0.034492585676879815 0.054855922765681291 -0.02233716554022043 0.15466244024656456 0.022936870999396734 -0.023631038079771748 -0.089682182827480292 0.040831164661029699 -0.071636503264385781 0.17555136812254513 0.0053908870821107952 -0.022782895606117504 -0.053718634261825077 0.034123715042679269 0.099275480474341621 0.11115263089664154 0.11000529831248969 0.045729280904100694 0.15728629843330275 -0.031327547764807596 0.14128734967985676 0.11981271005100125 0.0072696434099760081 -0.027235749590155567 0.02146256921474321
leaf_weight=531.11526136100292 863.3837706297636 74.226686924695969 126.26946811378002 150.78696939349174 1296.1297540813684 263.75335289537907 119.91710996627808 209.01759167015553 10.402397498488424 21.99167437851429 13.954878926277159 29.655115067958832 39.250292673707008 18.513571456074715 6.1259343177080146 50.21656160056591 763.14724683761597 233.88373221457005 358.73985271155834 18.996822252869606 55.811342343688011 38.517973452806473 242.96743570268154 13.305380851030348 11.441783159971235 9.7124539017677289 76.160958841443062 48.484735652804375 53.458008542656898 465.30382777750492
leaf_count=2880 4439 334 684 745 6444 1338 604 1052 52 110 67 154 197 93 31 254 3951 1229 1768 94 269 190 1183 66 55 46 364 232 266 2294
internal_value=-0.000295807 0.0172752 -0.0487124 0.0429866 0.00381825 -0.00764554 -0.00227414 0.0171604 -0.00427022 0.0168667 0.084688 -0.0420577 0.0479998 0.00354651 0.0512624 0.0283104 -0.0343157 -0.0301296 0.0355543 0.0392594 0.0491796 0.0649115 0.0551319 0.0668718 0.0650007 0.0728048 0.0973582 0.0329588 0.0191806 0.0248531
internal_weight=6214.64 4560.23 1654.42 1565.11 2995.12 1593.89 1330.13 466.749 275.762 1401.23 233.981 51.6468 190.986 57.7639 66.7449 56.3425 1123.3 997.031 1331.12 1180.34 696.037 337.297 281.485 133.222 159.755 148.313 90.1158 58.1972 1349.59 484.301
internal_count=31485 22741 8744 7641 15100 8126 6788 2349 1389 6974 1098 264 960 290 337 285 5864 5180 6543 5798 3410 1642 1373 670 764 709 431 278 6710 2388
is_linear=0
shrinkage=0.1


Tree=3
num_leaves=31
num_cat=0
split_feature=11 1 1 1 6 16 8 7 1 10 6 15 18 9 7 14 0 15 19 2 13 3 11 15 10 7 7 15 18 5
split_gain=454.698 131.491 69.4037 41.0842 31.1738 24.5975 23.7508 20.4001 20.1219 18.4016 32.6575 22.6351 16.5529 20.1315 16.5403 17.3855 16.9752 16.4683 16.7089 16.2644 16.2467 14.7742 14.5166 21.7755 17.9922 14.3144 13.8942 15.1278 13.1052 12.9266
threshold=-0.27920101715007167 0.63619511500647941 -0.62120081363214374 -0.1540089304598001 -1.4976747253090072 0.10338011701788916 0.87784518728353966 -0.65438747257085528 -0.58479818629649749 0.55409842284775646 -0.24739230323063263 -0.7205400220739866 -0.1466007157882438 0.2170308928115687 0.31693951071398307 0.31435678752875662 0.11091481931446463 0.40788261194605607 -0.92201092090069381 0.43562354979795792 0.016965050262515827 2.614529214497614 0.18109478116340125 0.12697481198919378 -0.065418949736824508 0.40273816990877176 -0.28048670493017741 -0.25820406219605357 -0.063941531892172693 -0.2361292838708669
decision_type=2 2 2 2 2 2 2 2 2 2 2 2 2 2 2 2 2 2 2 2 2 2 2 2 2 2 2 2 2 2
left_child=2 3 14 8 -3 9 29 -7 -2 10 20 -11 -10 22 -1 16 -16 18 -9 -20 26 -6 -14 28 -25 -15 -4 -28 -24 -5
right_child=1 4 5 6 21 7 -8 17 12 11 -12 -13 13 25 15 -17 -18 -19 19 -21 -22 -23 23 24 -26 -27 27 -29 -30 -31
leaf_value=-0.080981165637059663 -0.056317933043094348 0.074131199058669037 0.023642240765541132 0.10880032646823645 0.037267536964879659 -0.086152020945624672 -0.018305304878902019 -0.065258508148607272 0.025524305361959234 0.082355068264717002 -0.039673637859535843 -0.069864260542765677 -0.034081426529054624 0.022049922361497803 -0.03062558889683056 -0.093610229024372923 0.10447103904941189 -0.021075846758878799 0.03810720267499873 0.15072527858428469 0.097634550491120381 -0.01073387655282002 0.04225660208242929 0.15874875772186695 0.011460838751738943 -0.023652365331858605 -0.057317034074231644 0.0041683489606525346 -0.055099969572522334 0.01672589121772244
leaf_weight=429.6485370695591 89.951754242181778 240.73421931266785 99.139599516987801 14.034499958157538 1212.045725569129 17.072811171412468 205.6077519506216 8.5307477712631208 131.68048092722893 8.9510419815778715 758.22375871241093 190.62132202088833 383.2067302018404 210.1105610281229 24.758804246783257 20.59626030921936 12.870183467864988 43.120520815253258 43.118413835763931 18.268135204911232 14.761186361312864 66.400935873389244 18.368093445897102 12.801492154598234 21.134348794817924 99.637997299432755 71.551880657672882 86.850377947092056 43.923660129308701 1606.8880873769522
leaf_count=2434 491 1098 516 68 5847 88 1037 43 681 46 4030 1025 1992 1049 139 115 72 222 221 93 77 329 92 62 106 509 370 454 223 7956
internal_value=-0.000287349 0.0173411 -0.0418343 0.00461407 0.0410698 -0.0301458 0.0135669 0.0109774 -0.01154 -0.0345198 -0.0290233 -0.0623742 -0.0070598 -0.0125601 -0.0741892 -0.0229611 0.0173037 0.0267583 0.0563624 0.0747352 0.000614154 0.0347491 -0.0253774 0.00907081 0.0719541 0.0072413 -0.00540259 -0.0237573 -0.0257601 0.0176353
internal_weight=6204.61 4356.53 1848.08 2837.35 1519.18 1360.21 1826.53 130.111 1010.82 1230.1 1030.53 199.572 920.863 789.183 487.874 58.2252 37.629 113.038 69.9173 61.3865 272.303 1278.45 479.434 96.2276 33.9358 309.749 257.542 158.402 62.2918 1620.92
internal_count=31485 21540 9945 14266 7274 7185 9061 667 5205 6518 5447 1071 4714 4033 2760 326 211 579 357 314 1417 6176 2475 483 168 1558 1340 824 315 8024
is_linear=0
shrinkage=0.1


Tree=4
num_leaves=31
num_cat=0
split_feature=11 1 1 14 11 19 14 5 10 9 3 4 14 21 14 6 10 8 17 17 11 13 15 0 15 9 16 16 14 5
split_gain=374.994 109.636 61.8813 36.3802 33.3886 23.6835 23.4475 24.2102 23.0589 21.079 44.3563 20.6496 20.5361 17.3561 16.6589 16.515 27.2156 16.4208 18.3012 21.3176 16.248 15.7184 15.4223 15.2761 19.1845 15.0694 14.8117 14.218 14.0061 18.02
threshold=-0.28479907052099779 0.32573777216589378 -0.62777070758562703 -2.4519122087566489 0.16419973452740014 0.46867159763285698 -2.2384173623179531 -0.2361292838708669 0.13114155646788067 0.66029648878496727 2.2865352121759321 0.10337815191048316 0.89568253466465286 -1.0000000180025095e-35 2.6765508558462403 -0.17159177573833476 0.37068135165814803 0.67939281899643789 -0.14964395520597726 -0.18495156529395609 0.055908705887236225 -0.0054410910923205777 -0.7205400220739866 -1.7038882294028836 -3.1375945439790098 -0.30040722249717211 -0.22747223794488636 -0.0055305518983973061 -0.12139934446076006 -0.15709850889700613
decision_type=2 2 2 2 2 2 2 2 2 2 2 2 2 2 2 2 2 2 2 2 2 2 2 2 2 2 2 2 2 2
left_child=2 4 -1 5 6 23 -2 20 9 17 12 15 -11 -13 -14 16 25 18 19 -9 -8 22 -18 -3 -25 -4 -5 -17 -21 -30
right_child=1 3 11 26 -6 -7 7 8 -10 10 -12 13 14 -15 -16 27 21 -19 -20 28 -22 -23 -24 24 -26 -27 -28 -29 29 -31
leaf_value=-0.071061510266041725 0.058174077860546805 0.11001457658031882 -0.070636300923303183 0.094655196379763704 0.013881831614775915 -0.013842996196141408 0.16215873134015077 0.0058139558683715335 -0.031182770579456329 0.19338972400491244 -0.018299357953157448 0.069313001134843885 -0.024207480189400762 -0.012416004552011889 0.15575837675581763 -0.035976027980834567 0.050343280502072776 -0.050386044074989693 -0.011904235745466299 0.23228640717616955 -0.04715882401109249 0.11270698893596139 -0.068690819648997148 0.01266832171315949 0.073321944636156697 0.0057507635177307809 0.024287869612518585 -0.078262751069241299 0.12637548757207098 -0.054641050018038297
leaf_weight=449.36366638541222 46.264384433627129 71.105777472257614 26.78939662873745 29.35693384706974 988.84569676220417 38.070231422781944 11.3523633480072 70.036947682499886 505.04240366816521 18.560534566640854 51.978621602058411 34.299535393714905 12.773615077137949 92.766961231827736 6.6144168674945822 649.11791341006756 10.607163608074186 84.68624509871006 448.22937324643135 5.792332977056506 4.2371283918619147 4.1067982316017142 129.83726672828197 73.749836534261703 190.48348897695541 294.30018979310989 1731.1615164130926 92.156740769743919 13.283774331212047 7.48508349061012
leaf_count=2652 226 316 148 138 4880 181 56 358 2628 91 260 175 64 474 33 3547 53 440 2310 30 21 22 710 339 885 1540 8306 495 68 39
internal_value=-0.00029609 0.0153512 -0.0389737 0.0316252 6.7983e-05 0.0599873 -0.0105394 -0.0131862 -0.0148332 -0.00328717 0.0415548 -0.0280819 0.121623 0.0100411 0.0430084 -0.0321197 -0.0172055 -0.00980818 -0.00334325 0.0357517 0.104951 -0.0529966 -0.0591228 0.0684528 0.0566353 -0.000859239 0.0255522 -0.0414076 0.109449 0.0609529
internal_weight=6192.46 4409.11 1783.35 2133.93 2275.18 373.409 1286.34 1240.07 1224.48 719.441 89.9272 1333.98 37.9486 127.066 19.388 1206.92 465.641 629.514 544.828 96.5981 15.5895 144.551 140.444 335.339 264.233 321.09 1760.52 741.275 26.5612 20.7689
internal_count=31485 21669 9816 10165 11504 1721 6624 6398 6321 3693 448 7164 188 649 97 6515 2473 3245 2805 495 77 785 763 1540 1224 1688 8444 4042 137 107
is_linear=0
shrinkage=0.1


Tree=5
num_leaves=31
num_cat=0
split_feature=11 11 9 6 10 15 5 3 11 5 0 8 15 6 5 21 11 11 20 0 10 20 15 7 9 9 10 5 9 19
split_gain=305.499 94.388 45.5636 36.0096 32.5791 28.2195 26.5557 25.9 23.9297 30.2534 23.8963 18.3276 20.6263 17.9882 23.3751 26.7995 23.3855 17.9763 19.5484 19.3778 18.4303 16.1341 16.0863 15.7959 60.1295 27.3665 22.8706 38.3005 17.2476 16.4658
threshold=-0.28479907052099779 0.40682202456730415 -0.30710178460993198 -1.160511618332319 0.55409842284775646 -0.7205400220739866 -0.23809705932576358 2.7907164968399329 -0.64452865296347206 -0.26089912201554505 -0.83485177989750237 0.81442357872803284 1.2401787634503096 -0.22045272668879032 -0.029545720209587196 -1.0000000180025095e-35 -0.33918295363974121 1.9788711754937947 0.20833333333333334 1.9735194831172311 0.20583907354044212 0.37500000000000006 -6.4189729311920845 0.72865462321824703 -0.074083261741567388 0.020027207512340727 -0.50289102261632401 0.74736698931432743 0.020027207512340727 0.74611761939225818
decision_type=2 2 2 2 2 2 2 2 2 2 2 2 2 2 2 2 2 2 2 2 2 2 2 2 2 2 2 2 2 2
left_child=2 6 8 17 13 -6 -2 23 -1 -10 -8 12 -12 14 21 -16 -17 18 -3 -19 -20 -4 -9 24 -5 -25 27 28 -26 -30
right_child=1 3 4 7 5 -7 10 22 9 -11 11 -13 -14 -15 15 16 -18 19 20 -21 -22 -23 -24 25 26 -27 -28 -29 29 -31
leaf_value=-0.092655991071141419 0.11323115754304935 0.059778755666755751 -0.033015281989255213 0.15076950037046352 0.066343593165626227 -0.068344427932382587 0.023613564979189521 0.043328167498719622 0.17310141001641616 -0.047568312595594138 -0.004242956118491111 -0.028513503766281308 0.037216691222823305 -0.02861044771944618 0.10746455831190559 0.040247380891410153 -0.080242277589287356 0.10514181409891502 0.075913937155122541 0.018172410650570812 -0.016896344716165957 0.020285568793502497 -0.0712971038326526 -0.039979005319694214 -0.032230460844043622 0.020988713510349519 0.034203408525812086 -0.057224011943524548 0.1437354819045091 -0.051136712491371153
leaf_weight=182.03616182506084 19.130614653229713 190.47627963125706 192.50030706822872 40.597373574972153 15.337335437536238 234.81591083109379 341.23612847924232 15.334957078099249 4.9766952842473975 160.67240740358829 1540.0481744706631 282.21417798101902 128.59974037110806 761.02053719758987 34.84686903655529 49.001476064324379 22.143045678734779 107.43314053118229 27.142549335956573 35.201939582824707 82.715126141905785 78.626420840620995 44.28676863014698 81.977100595831871 11.487676247954367 617.14851780235767 765.71151055395603 71.399681895971298 21.53042554855347 4.3623491823673239
leaf_count=1116 88 878 1040 193 75 1367 1643 75 27 947 7821 1463 632 4217 178 255 114 468 125 154 381 426 231 399 55 2941 3633 341 103 21
internal_value=0.00031831 0.014261 -0.035216 0.0295088 -0.0270314 -0.0596608 0.000277043 0.0227422 -0.0675827 -0.039325 -0.000730426 -0.00501368 -0.0010052 -0.0197731 -0.00184403 0.0375972 0.00158829 0.0548698 0.0405108 0.0842293 0.00656839 -0.0174582 -0.041148 0.0251504 0.0338086 0.013741 0.0281071 -0.0145058 0.0656348 0.109171
internal_weight=6164.01 4428.03 1735.98 2116.81 1388.29 250.153 2311.23 1673.84 347.685 165.649 2292.1 1950.86 1668.65 1138.14 377.118 105.991 71.1445 442.969 300.334 142.635 109.858 271.127 59.6217 1614.21 915.089 699.126 874.492 108.78 37.3805 25.8928
internal_count=31407 21645 9762 9998 7672 1442 11647 7992 2090 974 11559 9916 8453 6230 2013 547 369 2006 1384 622 506 1466 306 7686 4346 3340 4153 520 179 124
is_linear=0
shrinkage=0.1


Tree=6
num_leaves=31
num_cat=0
split_feature=1 11 1 7 3 14 6 10 5 5 7 3 17 1 6 8 8 11 9 19 8 10 8 11 9 10 11 14 11 5
split_gain=262.905 95.0873 37.161 33.7832 25.5117 23.3458 21.3532 17.5341 21.2046 35.2717 39.1294 19.6074 23.0777 18.7897 16.1488 17.7583 15.7027 14.9274 15.4264 14.2071 17.8165 15.0649 13.5124 13.9597 12.9342 14.0449 12.3437 13.0252 12.2935 12.0835
threshold=-0.41640612199435434 0.16419973452740014 -0.63445727114221906 -3.759114085449101 2.7907164968399329 -2.1316403546217901 -1.0314447332621566 -0.15225566866827375 1.5377575332186677 2.285884645156703 0.50307327824812786 1.1093737907906618 1.0283564286619897 0.54188515478198618 0.46634454033343936 0.69056009360890858 -0.61468874099677739 0.048577541329871347 1.8270135938085996 -0.50479734181277103 -1.0657225052674801 2.143160873425626 0.85028641679896089 0.085159054248385088 -0.30040722249717211 0.36032143270767875 -0.72402006418971399 -0.15556589938835844 -0.22399701038102071 0.015695877690877706
decision_type=2 2 2 2 2 2 2 2 2 2 2 2 2 2 2 2 2 2 2 2 2 2 2 2 2 2 2 2 2 2
left_child=2 5 26 -3 6 17 19 8 11 10 22 12 14 -9 -7 -16 -12 18 -2 20 21 -5 23 -10 -4 -26 -1 -28 -11 -15
right_child=1 3 24 4 -6 7 -8 13 9 28 16 -13 -14 29 15 -17 -18 -19 -20 -21 -22 -23 -24 -25 25 -27 27 -29 -30 -31
leaf_value=-0.1084439499922677 0.11481150978149007 0.13196972427748932 -0.057682565765617158 -0.0097692753858774958 -0.030143574110574473 -0.0053864125983741525 0.019167717153129676 -0.021003767771316167 0.24693714418901178 0.11650835492811873 0.13947001102769718 -0.084622404371979376 0.16023753776634744 0.030631575529617289 0.063995176745154439 -0.043490183882145789 -0.040872024892531035 0.0034714438069700115 -0.067259384832229346 0.026103137170591057 0.076336431260106488 0.079763315864781928 0.0024008749569445066 0.059324558324287069 -0.012060646833501732 -0.043742399238499187 -0.087310731524414667 -0.045607820408555877 -0.028656446205110327 -0.020193408521363143
leaf_weight=55.094836890697479 33.86936753988266 26.98428250849247 119.65286573767662 56.364145129919052 88.429362252354622 801.05067980289459 2001.4303082972765 934.23519465327263 18.172490328550346 5.0895080119371405 4.8983110636472729 26.291475757956505 7.4722583293914786 129.95836322009563 66.577821671962738 18.467600136995316 18.117143392562866 37.272870078682899 4.212145894765853 296.86116677522659 177.15406639873981 26.27497698366642 4.1280180662870398 6.8106687515974036 460.22991472482681 202.53893449902534 105.83940976858139 297.41352914273739 48.438641339540482 70.869798839092255
leaf_count=366 159 117 717 256 453 4211 9507 4913 86 25 24 130 37 642 340 97 90 177 20 1352 798 117 21 32 2484 1143 655 1857 240 341
internal_value=0.000262887 0.0106622 -0.040832 0.0233854 0.0221966 -0.00454736 0.0240303 -0.00647785 0.00298239 0.0450904 0.102468 -0.00189796 0.000651438 -0.0150353 -0.000940305 0.0400744 0.00287901 0.0495901 0.0923819 0.0413794 0.0585088 0.0193743 0.17655 0.202804 -0.0274547 -0.0218495 -0.0634602 -0.0568858 -0.0116909 0.0125805
internal_weight=6150.2 4909.43 1240.77 2673.5 2646.51 2235.93 2558.08 2160.58 1025.51 105.655 52.1266 919.86 893.568 1135.06 886.096 85.0454 23.0155 75.3544 38.0815 556.654 259.793 82.6391 29.1112 24.9832 782.422 662.769 458.348 403.253 53.5281 200.828
internal_count=31407 24185 7222 12600 12483 11585 12030 11229 5333 518 253 4815 4685 5896 4648 437 114 356 179 2523 1171 373 139 118 4344 3627 2878 2512 265 983
is_linear=0
shrinkage=0.1


Tree=7
num_leaves=31
num_cat=0
split_feature=11 11 11 7 4 15 10 6 8 6 3 0 15 18 9 12 16 4 11 20 20 21 19 9 7 7 11 20 7 20
split_gain=213.78 60.8586 37.1911 25.0925 20.3901 22.09 19.7393 19.7172 18.5962 17.0108 16.416 15.4415 15.1487 14.8922 14.8289 14.322 14.2239 13.7615 21.4171 16.4423 14.6751 20.2329 13.3509 13.2548 50.814 13.1414 17.6359 16.383 23.6598 14.0459
threshold=-0.28479907052099779 0.40682202456730415 -0.65119975988106982 -3.759114085449101 0.037294384571752708 0.43381556683707728 0.55409842284775646 -1.0790728803171685 1.00585430344928 -0.24077752216810264 2.7907164968399329 -0.20439486597829692 -0.7205400220739866 -0.25555518370529523 -0.30710178460993198 -0.76133169512986154 -0.046420655441006944 -0.012907363481668653 -0.33369319613311638 -0.29166666666666657 0.37500000000000006 0.37500000000000006 1.0442072619441103 -0.078226484578175146 0.77903556756774184 -3.1471282476872751 1.9788711754937947 0.20833333333333334 0.64280309018204596 -0.45833333333333331
decision_type=2 2 2 2 2 2 2 2 2 2 2 2 2 2 2 2 2 2 2 2 2 2 2 2 2 2 2 2 2 2
left_child=2 8 14 -3 6 -6 9 25 11 17 23 16 -8 -11 -1 -13 -2 20 19 -19 -4 -22 -14 24 -9 -5 27 29 -29 -27
right_child=1 3 4 7 5 -7 12 10 -10 13 -12 15 22 -15 -16 -17 -18 18 -20 -21 21 -23 -24 -25 -26 26 -28 28 -30 -31
leaf_value=-0.084204912426613876 0.03129434409801863 0.11594817429668756 -0.026046146890182198 -0.04572780274537222 0.034727751894813232 -0.04175436155291129 0.05400867709715293 0.12671284881902642 -0.030946312834217917 0.10202069962318494 -0.035499856744284956 -0.052844922675943554 -0.066362716880944903 -0.031793022159058562 -0.032717837591699439 -0.0017552620533191024 0.0041004042571395624 0.0007832084588414957 -0.05088989774244379 0.15486700573890078 -0.0047353641227403575 0.11415105566239299 0.060508660395292971 0.016993853662510449 -0.036136210694197188 0.021227672344729998 0.076378487354465202 -0.012330199808471375 0.12834937105953398 0.072790112418719979
leaf_weight=158.97077839076519 288.5788682103157 27.800597071647644 177.90897853672504 15.732555866241453 110.42310978472233 55.401563212275505 10.714144319295881 44.616359382867813 173.75240337848663 6.9205950349569312 55.459275633096695 56.054064691066742 202.57234536111355 740.30631543695927 92.672388985753059 1209.3480482399464 578.85945750772953 11.413994491100313 13.075168833136557 17.273962393403053 51.73212793469429 18.084557577967644 7.3604867458343497 1518.6729478389025 31.599464178085327 105.65621122717857 120.44146910309792 112.26401256024837 11.853338018059729 110.82717314362526
leaf_count=1074 1444 117 981 65 571 297 52 201 914 38 295 304 1253 4304 557 6134 2851 58 69 88 282 95 43 7114 156 476 515 511 54 494
internal_value=0.00021884 0.0116584 -0.0302257 0.0237357 -0.0238893 0.00891052 -0.0282364 0.0224403 0.000358445 -0.0223641 0.0172165 0.00293802 -0.0554002 -0.0303251 -0.065629 -0.00409408 0.0132087 -0.00169606 0.0502935 0.0973097 -0.010791 0.0275325 -0.0614221 0.0190937 0.0595432 0.0403698 0.0434898 0.0315175 0.00231783 0.0480357
internal_weight=6136.35 4461.52 1674.83 2154.92 1423.19 165.825 1257.36 2127.12 2306.59 1036.72 1650.35 2132.84 220.647 747.227 251.643 1265.4 867.438 289.489 41.7631 28.688 247.726 69.8167 209.933 1594.89 76.2158 476.775 461.042 340.601 124.117 216.483
internal_count=31407 21645 9762 9998 8131 868 7263 9881 11647 5915 7766 10733 1348 4342 1631 6438 4295 1573 215 146 1358 377 1296 7471 357 2115 2050 1535 565 970
is_linear=0
shrinkage=0.1


Tree=8
num_leaves=31
num_cat=0
split_feature=1 11 1 1 14 0 3 15 13 10 15 7 1 12 8 15 7 9 10 20 9 7 7 22 17 13 14 16 17 19
split_gain=190.336 60.7393 31.855 25.09 18.1045 16.554 16.0584 16.579 15.3371 14.4189 21.3046 15.5859 15.1201 14.0661 13.8738 18.7194 20.0332 13.4966 13.4212 13.3794 12.3201 11.8955 11.7064 11.3772 18.9236 29.6898 12.2514 15.5782 12.5104 11.9543
threshold=-0.41640612199435434 0.16419973452740014 -0.70473157007083742 1.2729818372954169 -2.1316403546217901 0.71762977119192961 2.7907164968399329 -7.268182039707475 -4.5435675939917912 -0.15225566866827375 -4.7060688917943425 1.3730692482656777 0.17763426055336248 -0.42685194182625591 0.81442357872803284 -0.15136405124611754 1.0228646028744086 -0.30040722249717211 0.51691168317804681 -0.70833333333333315 1.7022929734791015 -1.073289582518028 -0.68065270820296631 1.0000000180025095e-35 0.18802500095356814 -0.32666319189189785 1.0566253034868971 0.56477032637413616 0.7563038895859916 0.31826283349246792
decision_type=2 2 2 2 2 2 2 2 2 2 2 2 2 2 2 2 2 2 2 2 2 2 2 2 2 2 2 2 2 2
left_child=2 4 -1 6 21 19 14 -8 -9 10 -6 13 22 -12 15 -3 23 -4 -19 -5 -14 -2 -11 26 25 -25 -17 -28 -29 -26
right_child=1 3 17 5 9 -7 7 8 -10 12 11 -13 20 -15 -16 16 -18 18 -20 -21 -22 -23 -24 24 29 -27 27 28 -30 -31
leaf_value=-0.066717446591594495 -0.022091683562948095 0.0078987992140451251 -0.053226966023384947 0.009850328949219821 0.16921635785155631 0.016502153384109222 0.087719745066578841 0.051776656683540923 -0.077797691663265375 -0.055230433904865095 0.037654878856682054 -0.11004739680920005 0.0064177222402588318 -0.0005303948074990339 -0.0067028310529518645 0.035358839874729604 -0.0135240979755668 -0.013709762061330857 -0.044501646881242279 0.054759479159509461 -0.091833665750064561 0.066317689859619916 -0.016551875182033403 -0.0276873684682186 0.015645243435660091 0.12937339503051445 -0.032792727113936493 0.1906910576871346 0.072708221482997978 -0.052038755596065848
leaf_weight=258.47320455312729 19.277268007397652 863.04043926298618 161.53426891565323 83.208844855427742 6.1979477852582923 316.87198302149773 8.0524297356605512 9.9129844307899457 47.764447063207626 88.814099073410034 106.44938941299915 10.719202578067778 373.69092664122581 898.03740537166595 262.37770146131516 419.4938893020153 93.235851839184761 583.45147821307182 188.0620708912611 366.7023224234581 11.699960783123968 57.413044825196266 647.07759229838848 19.8878203779459 61.357808217406273 26.746076837182045 10.444143310189245 10.369596913456915 68.018615633249283 42.947858795523643
leaf_count=1759 91 4049 1053 370 30 1434 39 49 259 473 551 55 1872 4697 1263 1950 442 3273 1137 1629 58 265 3493 93 285 124 49 48 316 201
internal_value=0.000182706 0.008857 -0.0356556 0.0188982 -0.00340135 0.0342202 0.0128215 -0.0351599 -0.0544419 -0.00513106 0.0034467 0.00216682 -0.0129567 0.00354648 0.0145383 0.0180034 0.0295271 -0.0269362 -0.0213132 0.0465584 0.00303876 0.0438414 -0.0213499 0.0356627 0.0112342 0.0632012 0.0428228 0.076676 0.0918534 -0.0123773
internal_weight=6121.33 4929.81 1191.52 2710.43 2219.38 766.783 1943.65 65.7299 57.6774 2142.69 1021.4 1015.21 1121.28 1004.49 1877.92 1615.54 752.502 933.048 771.514 449.911 385.391 76.6903 735.892 659.266 150.94 46.6339 508.326 88.8324 78.3882 104.306
internal_count=31407 24185 7222 12600 11585 3433 9167 347 308 11229 5333 5303 5896 5248 8820 7557 3508 5463 4410 1999 1930 356 3966 3066 703 217 2363 413 364 486
is_linear=0
shrinkage=0.1


Tree=9
num_leaves=31
num_cat=0
split_feature=1 11 1 8 6 7 6 20 11 11 7 11 18 7 18 8 10 17 16 19 18 18 18 10 17 14 17 15 3 10
split_gain=157.366 51.6308 28.3049 20.7051 19.6486 20.2108 22.9216 31.5813 20.4721 19.9589 18.432 17.2125 18.6837 19.8987 23.1528 19.252 15.4752 21.3384 24.5546 15.3707 14.8545 21.2012 14.6568 21.3691 19.222 21.1939 28.3831 19.5496 18.4176 17.3948
threshold=-0.41640612199435434 0.84636765545972048 -0.70473157007083742 1.0585022283873096 0.56838999372867816 1.6895780040439552 2.6906514042724563 -0.29166666666666657 1.7161893479169656 3.9589352842673149 -3.1471282476872751 -0.25808899191237694 2.8410862407784787 0.68583049320140532 -0.23054986067008637 -0.15869117169165434 0.12301402682852479 -0.11554416406971839 0.10338011701788916 1.3062031079523411 1.0692900238694816 1.4582785277960701 -0.1466007157882438 -0.66317120223926651 -0.19350556438924602 -0.27942625194739806 -0.22252201452461604 0.27878230817052557 -0.13504804591770919 0.082135920986383684
decision_type=2 2 2 2 2 2 2 2 2 2 2 2 2 2 2 2 2 2 2 2 2 2 2 2 2 2 2 2 2 2
left_child=2 3 -1 11 9 -6 -7 -8 -9 10 -3 -2 13 22 -15 16 -16 -18 -19 -5 -11 -22 23 -13 25 -25 -27 29 -24 -26
right_child=1 4 -4 19 5 6 7 8 -10 20 -12 12 -14 14 15 -17 17 18 -20 -21 21 -23 28 24 27 26 -28 -29 -30 -31
leaf_value=-0.062870603563815797 -0.0089602254125069926 -0.055975464302787915 -0.024672057264511466 -0.036375221746923425 0.021030762168398442 -0.052420695036885838 -0.048143082022221902 -0.055563098153195795 0.14226437819727153 0.1178430359499984 0.03195903874565393 0.1753436592181514 -0.048816514994517397 0.15627990892216195 -0.011406897972417717 -0.027989359557401502 -0.048016867370749887 0.13344722136202952 0.012042227446186812 0.043781267490531073 -0.058020191282095929 0.10866135833189564 -0.053040463315677466 -0.053072320336616165 0.15114008358928205 0.11093495584884326 -0.0071250665636192426 0 0.01174929366231805 0.05216185709719106
leaf_weight=247.53305941820145 820.75703932344913 23.157188177108765 918.74061508476734 206.22241467237473 415.40658214688301 91.251955062150955 26.270369231700897 5.6640066802501705 22.216001272201538 45.846210569143295 727.89901177585125 9.0198734402656537 55.570651739835739 6.8509084284305564 116.84498474001884 290.51623311638832 18.280292615294456 30.891937896609306 35.803194016218185 25.541133612394333 14.292751908302309 13.247831970453261 43.529362127184868 44.55252280831337 25.062072962522507 28.035696983337402 64.172328725457191 43.730566427111626 1624.0977797061205 66.293870255351067
leaf_count=1759 4529 98 5463 1090 1916 423 122 27 101 195 3279 42 287 30 571 1439 90 151 171 132 60 57 217 213 117 129 317 215 7850 317
internal_value=0.000145451 0.0079493 -0.0328669 0.00155979 0.0243165 0.00978942 -0.0220772 0.0287318 0.100609 0.0341384 0.029115 0.00358461 0.00770865 0.00902924 -0.00874034 -0.0115448 0.0120602 0.044198 0.0702664 -0.0272312 0.0836682 0.022941 0.0135951 0.0347037 0.0290275 0.00234707 0.0297586 0.0555698 0.00999999 0.0815333
internal_weight=6107.3 4941.02 1166.27 3555.77 1385.25 560.809 145.402 54.1504 27.88 824.443 751.056 3324.01 2503.25 2447.68 499.188 492.337 201.82 84.9754 66.6951 231.764 73.3868 27.5406 1948.49 280.867 271.847 136.761 92.208 135.087 1667.63 91.3559
internal_count=31407 24185 7222 17907 6278 2589 673 250 128 3689 3377 16685 12156 11869 2452 2422 983 412 322 1222 312 117 9417 1350 1308 659 446 649 8067 434
is_linear=0
shrinkage=0.1


Tree=10
num_leaves=31
num_cat=0
split_feature=1 11 11 8 7 17 7 4 7 7 19 7 11 15 17 3 15 9 12 5 17 5 11 15 20 14 6 11 17 5
split_gain=137.784 46.1569 33.6354 19.8901 17.4995 16.8539 18.4236 15.9353 20.9653 15.6226 15.4034 22.2234 31.8689 18.1333 16.8938 16.5408 14.2918 18.5872 18.5471 16.0259 13.6607 13.6522 12.3528 15.8139 13.5664 18.9969 12.2218 18.2997 12.204 13.4243
threshold=-0.19247417527928179 -0.5037364908777513 0.84636765545972048 0.49643107520163704 -3.759114085449101 -0.087690138750496152 0.033111930927351464 0.56442563038209681 0.39378227762697426 -3.1471282476872751 0.25656415413446371 -1.9483443479107623 2.875621248014101 -12.777565813453698 -0.15751263438653221 2.0828453501870254 -0.31936318426507287 0.50622060277965975 -0.51548441126102407 0.25581942791763251 -0.079068464516682826 2.8254088130268573 1.0129275245089209 3.8313378021972433 -0.62499999999999989 -1.7937151083966325 -0.060979295460905809 0.11143492194808251 -0.06705508277216761 -0.072743589646904708
decision_type=2 2 2 2 2 2 2 2 2 2 2 2 2 2 2 2 2 2 2 2 2 2 2 2 2 2 2 2 2 2
left_child=1 5 3 -2 -4 -1 20 -3 26 -6 11 12 -11 -13 -12 22 -15 18 -18 -19 -7 -21 -16 -24 -25 -26 -9 -28 29 -8
right_child=2 7 4 -5 9 6 28 8 -10 10 14 13 -14 16 15 -17 17 19 -20 21 -22 -23 23 24 25 -27 27 -29 -30 -31
leaf_value=-0.0522013366680407 0.0081782664151597208 -0.017072953796168543 0.096304554894718064 -0.011788699394068965 -0.052208858922461743 0.12319275388647122 -0.041243948503004543 0.0013414923264912909 -0.033499729221888992 0.11269078648587079 -0.12270703774426439 0.11023242222093009 -0.023563821474091352 0.013759232067264577 0.060045141461361265 -0.029849281353497861 0.22932661069989854 -0.067920089735596906 0.064633369742977495 0.050489179547529565 0.0025040382356157293 -0.087061811261706382 -0.0017171144767007618 -0.024653290033172626 -0.014591448436631764 0.085063254557862317 0.013800126425210927 0.099975548962632999 -0.084737011515573404 0.155281282880082
leaf_weight=514.77934344112873 2049.4580177366734 1139.6800355315208 30.189342945814133 657.25656989216805 27.183900430798531 9.5414434969425184 9.0584468990564329 98.235050067305565 79.195980429649353 65.787418082356453 8.0446728914976102 22.861212238669395 22.128158539533615 517.57101786136627 61.97697751224041 80.146431744098663 8.2389765977859479 14.038499072194098 32.667251855134964 98.028132423758507 65.260373502969742 6.3320428133010855 258.45664310455322 23.157285496592522 25.128580078482628 70.081165134906769 59.082851931452751 42.318451821804047 37.711658507585526 3.6758802831172934
leaf_count=3501 10004 6453 124 3338 119 57 54 480 415 277 37 99 91 2326 284 383 37 62 146 433 397 32 1178 106 113 317 309 206 224 21
internal_value=-0.000843751 -0.0219285 0.00979697 0.00331857 0.0225454 -0.0442031 -0.0109433 -0.0118281 0.00951487 0.0207653 0.0223473 0.0312017 0.0783521 0.0250942 0.00902439 0.0114527 0.0219519 0.0480682 0.105215 0.0270883 0.0202799 0.040839 0.0191179 0.0121222 0.0421508 0.0587363 0.0268008 0.0508917 -0.0568751 0.0244652
internal_weight=6137.27 2058.54 4078.73 2706.71 1372.02 640.027 125.248 1418.51 278.832 1341.83 1314.64 787.653 87.9156 699.737 526.992 518.947 676.876 159.305 40.9062 118.399 74.8018 104.36 438.801 376.824 118.367 95.2097 199.636 101.401 50.446 12.7343
internal_count=31623 12117 19506 13342 6164 4254 753 7863 1410 6040 5921 3503 368 3135 2418 2381 3036 710 183 527 454 465 1998 1714 536 430 995 515 299 75
is_linear=0
shrinkage=0.1


Tree=11
num_leaves=31
num_cat=0
split_feature=1 11 11 8 17 4 0 4 12 5 6 6 14 14 5 10 21 13 11 20 13 13 21 6 21 19 12 6 11 10
split_gain=112.803 39.4763 27.0581 16.1265 14.7558 17.8016 13.4652 13.0669 12.1642 11.9552 13.2727 11.5372 17.6019 12.8435 14.2742 12.561 12.4539 11.7877 10.9208 15.194 12.3514 12.4092 10.5746 11.5005 15.9148 13.2794 10.4885 10.3537 12.9096 15.2326
threshold=-0.19247417527928179 -0.5037364908777513 0.84636765545972048 0.49643107520163704 -0.087690138750496152 -0.083119553447120145 -2.0073700194532775 0.56442563038209681 2.6873285636654507 -0.15709850889700613 0.74470869296412034 0.59350467150629005 -0.076533897325233011 2.3445622878802381 2.1988737407826178 1.405517867694188 0.37500000000000006 0.060406891759579688 0.58294024917376674 1.0000000180025095e-35 0.77942865097690539 0.43097277688729513 1.0000000180025095e-35 0.20136776758793909 0.37500000000000006 0.73506164998216328 2.993508681118517 0.56838999372867816 3.9589352842673149 1.1340966736456231
decision_type=2 2 2 2 2 2 2 2 2 2 2 2 2 2 2 2 2 2 2 2 2 2 2 2 2 2 2 2 2 2
left_child=1 4 3 11 -1 -6 -4 -3 22 -10 -11 12 15 16 -15 -2 18 -14 20 -20 21 -13 -5 -24 25 -25 -17 28 29 -8
right_child=2 7 6 8 5 -7 27 -9 9 10 -12 13 17 14 -16 26 -18 -19 19 -21 -22 -23 23 24 -26 -27 -28 -29 -30 -31
leaf_value=-0.048675813057447642 0.01506960320288997 -0.015515789007552514 0.04727044287782755 -0.026426063757606158 0.18040767571082292 -0.017201724924777322 0.027448581385541626 0.008548951705333839 -0.043485183127603078 0.081525751387090312 -0.031856664098355941 0.069084505819026129 -0.026757193757626405 0.013724987270074113 -0.087223462213248476 -0.031053627816484148 -0.0047959964661540289 0.0014984158285072542 -0.05547094365470611 0.070051846162070677 0.099553377530657572 -0.00083452923249192922 -0.028701295989967696 0.10976910799154826 -0.007984075006116231 0.01403674370550816 0.067691849920083938 0.0053715587241587575 0.068189486183033179 -0.010814631906207852
leaf_weight=497.87429118901491 1014.4140264540911 1129.3700608164072 161.72289648652077 347.10844661295414 3.2279570400714865 121.07921862602234 531.6182029992342 279.68810504674911 15.678708299994467 38.186798304319382 12.739272728562353 55.354880720376968 238.13602723181248 52.170303493738174 17.406218752264977 97.874100655317307 57.122104033827782 381.05819109082222 20.788550078868866 15.490207999944685 51.189052253961563 44.784394487738609 83.934590309858322 25.346020266413689 96.967060700058937 33.81912450492382 10.53773584961891 498.31503447890282 60.162734672427177 127.55978682637215
leaf_count=3501 4892 6453 692 1773 18 735 2382 1410 81 196 64 268 1195 246 85 465 276 1895 96 71 246 220 430 127 495 172 49 2288 253 549
internal_value=-0.000767944 -0.020025 0.00879593 0.00298025 -0.0409874 -0.00982149 0.020192 -0.0107209 -0.0106719 0.0292911 0.0526814 0.00733511 0.00412934 0.0249355 -0.0125561 0.0115966 0.0356871 -0.00937459 0.0480594 -0.000692756 0.0597699 0.0380676 -0.0153021 0.000763256 0.0168523 0.0570777 -0.0204807 0.0165255 0.0241972 0.0200061
internal_weight=6120.72 2031.24 4089.48 2710.11 622.181 124.307 1379.38 1409.06 653.78 66.6048 50.9261 2056.33 1742.02 314.306 69.5765 1122.83 244.729 619.194 187.607 36.2788 151.328 100.139 587.175 240.067 156.132 59.1651 108.412 1217.66 719.341 659.178
internal_count=31623 12117 19506 13342 4254 753 6164 7863 3338 341 260 10004 8496 1508 331 5406 1177 3090 901 167 734 488 2997 1224 794 299 514 5472 3184 2931
is_linear=0
shrinkage=0.1


Tree=12
num_leaves=31
num_cat=0
split_feature=1 1 11 7 7 8 7 7 15 7 19 11 10 11 11 10 11 19 10 11 15 18 17 9 21 8 15 7 21 10
split_gain=92.6545 27.7736 26.9511 13.4984 12.9131 12.8239 13.4712 12.1734 11.9636 13.4911 19.6438 24.1469 12.898 11.8172 11.7232 12.5519 11.4483 14.1936 11.4175 11.1223 10.5638 14.9069 18.2579 15.7209 17.474 16.6253 15.1913 13.3491 13.9201 13.2371
threshold=-0.28958505370703497 -0.62120081363214374 0.84636765545972048 -3.759114085449101 -3.1471282476872751 0.48735864070963064 1.2668264577925024 -0.37434855841399234 -12.777565813453698 -1.9483443479107623 0.46867159763285698 2.875621248014101 3.5900442166382658 1.3131953460336281 -0.65119975988106982 0.074823628915151527 -0.72402006418971399 0.95374954610789098 0.61059932251124971 -0.1277467620239699 0.85616891193434197 0.0040533663189648199 0.026421416286919946 -0.10455694703321787 0.62500000000000011 -0.011821423085536159 -0.46240468117233052 -1.3195715063329339 -0.62499999999999989 -0.5742636254193304
decision_type=2 2 2 2 2 2 2 2 2 2 2 2 2 2 2 2 2 2 2 2 2 2 2 2 2 2 2 2 2 2
left_child=1 16 5 -4 -5 20 7 -7 -6 10 11 -10 -11 -14 -3 -16 -1 18 -18 -17 21 23 -23 26 25 -25 -2 28 -24 -22
right_child=2 14 3 4 8 6 -8 -9 9 12 -12 -13 13 -15 15 19 17 -19 -20 -21 29 22 27 24 -26 -27 -28 -29 -30 -31
leaf_value=-0.092510991561638209 -0.033082510319076081 -0.052993863839032387 0.082654905807181989 -0.050008994080390834 0.082975910124005098 -0.027446802743291612 -0.062925104289341907 0.0015944180029857731 0.092937473452731359 0.015087358483572283 -0.032450427962933279 -0.023934730319565098 0.068873712261593778 -0.073426553769850536 -0.0021110210196593035 -0.036552321755233756 -0.031832859160888349 0.092402332087971231 -0.078557519505888393 -0.0045415885401956617 -0.028642135342300049 -0.043273776891277226 -0.08208739047864351 0.044433045190812981 -0.056017376007179431 -0.0024708723569564902 0.0086346765871289713 -0.0031146181511415112 0.079431271928412206 0.038322870583461101
leaf_weight=42.38055045157671 103.35358558595181 69.329830527305603 30.424563616514206 26.963912546634674 26.487216770648956 198.01916609704494 43.583291172981262 517.35958376526833 77.846498176455498 1169.3504531383514 23.299243181943893 21.736902803182602 5.8803387880325309 27.90217436850071 665.87029974162579 270.39417588710785 305.57779812067747 6.7764406427741042 64.231894455850124 184.04027409851551 34.203582003712654 110.91843612492085 4.9221753478050223 282.47290048003197 22.455524250864983 101.68837954103947 518.3679131269455 947.18249547481537 33.482320755720139 168.93468968570232
leaf_count=372 534 477 124 119 111 1006 219 2700 324 5245 105 90 27 129 3755 1663 2213 50 475 990 162 567 22 1352 112 493 2719 4529 153 786
internal_value=-0.000700113 -0.0212887 0.006665 0.0181136 0.0165874 0.0014234 -0.00984369 -0.006457 0.0179838 0.0165782 0.048024 0.0672523 0.0132941 -0.0462152 -0.0134354 -0.0109019 -0.0434126 -0.0374892 -0.0402869 -0.0236898 0.00510922 0.00300653 -0.00508927 0.0116532 0.0269062 0.0320043 0.00160468 -0.000712473 0.0559213 0.0268225
internal_weight=6105.44 1608.6 4496.84 1409.89 1379.47 3086.94 758.962 715.379 1352.5 1326.02 122.883 99.5834 1203.13 33.7825 1189.63 1120.3 418.967 376.586 369.81 454.434 2327.98 2124.84 1096.51 1028.34 406.617 384.161 621.721 985.587 38.4045 203.138
internal_count=31623 9995 21628 6274 6150 15354 3925 3706 6031 5920 519 414 5401 156 6885 6408 3110 2738 2688 2653 11429 10481 5271 5210 1957 1845 3253 4704 175 948
is_linear=0
shrinkage=0.1


Tree=13
num_leaves=31
num_cat=0
split_feature=11 1 9 10 15 2 10 18 0 11 21 14 10 6 19 19 9 12 6 10 14 18 6 5 13 18 5 17 15 14
split_gain=77.8283 23.051 22.4532 18.4927 16.3182 14.8407 14.7546 16.8376 14.3761 13.8081 21.0998 15.5022 20.429 13.6749 14.9542 13.5006 13.4313 13.0981 12.5805 14.4769 19.3769 14.5533 17.7571 14.0949 14.0681 18.2305 17.863 13.0472 11.4912 14.081
threshold=-0.28479907052099779 0.32573777216589378 -0.31820941120327323 0.55409842284775646 -0.7205400220739866 0.65502233539510413 1.3737416374127165 -0.22104780600852778 -0.91695165208439489 -0.70328681003813054 0.62500000000000011 -0.076533897325233011 -0.54119766100542221 1.2001022079160433 -0.65135091425811797 0.70777490377402374 -0.32541460148111662 -0.68413528386838107 -0.22045272668879032 -0.7549138787461841 0.067868151806604743 -0.087958146714255808 0.10092221625652516 -0.19795400910681962 -1.3086939618961739 0.041390270961941145 0.83706900034528997 -0.032988697494533502 -0.46240468117233052 0.12774277387647912
decision_type=2 2 2 2 2 2 2 2 2 2 2 2 2 2 2 2 2 2 2 2 2 2 2 2 2 2 2 2 2 2
left_child=2 5 9 17 -5 6 -2 -8 -3 -1 -11 -12 16 14 -9 -6 -13 -4 24 20 23 22 -22 -20 -19 28 -27 -23 -26 -30
right_child=1 8 3 4 15 -7 7 13 -10 10 11 12 -14 -15 -16 -17 -18 18 19 -21 21 27 -24 -25 25 26 -28 -29 29 -31
leaf_value=-0.090457511520417602 0.0051146533525773625 0.024254134238513442 -0.05225522234171566 0.051645425754878196 -0.060312177830010777 -0.021709363006191529 0.077104424888638667 0.025123196261658948 0.0073693043064771441 -0.050270299304629153 -0.076306686127487589 0.23282945249355871 -0.065320818075582543 0.0038502052913063399 -0.063779956252471834 0.012057073718168242 0.0028934125630390678 -0.11288177168624668 0.12608971008404515 -0.019585750287454989 0.0096144194961764184 -0.07174843619749656 0.30907397322489844 -0.029674324616945042 -0.047926436289894597 0.12779714130837042 -0.022754009939033124 0.096593404615412867 0.0064890205789416289 0.13182046948895892
leaf_weight=62.1761354804039 1750.9674764126539 765.25386583805084 68.420952908694744 15.818487778306006 173.12778727710247 302.59319581091404 14.393717199563978 21.577297657728195 1495.0338206291199 108.70066038519144 5.2232642546296146 7.7397237196564674 4.2028436884283993 76.251919209957123 110.15721142292023 29.192050345242023 3.8021536394953728 7.8047633469104758 5.1500160843133918 660.37608357518911 3.4175062328577068 5.7946322411298814 4.1591985821723938 43.826397866010666 36.252848744392395 22.766112953424454 10.773892194032667 11.109045758843417 256.42822100222111 7.829144835472106
leaf_count=546 8846 3402 455 76 1218 1545 68 110 6839 801 37 57 34 390 579 193 26 40 33 4028 21 34 25 268 198 114 54 62 1482 42
internal_value=-0.00065717 0.00595674 -0.0199625 -0.0153949 -0.0420132 -0.00113956 0.00201858 -0.0221408 0.0131071 -0.0519214 -0.0324677 0.0561277 0.104038 -0.0296074 -0.0489492 -0.0497602 0.167662 -0.0102539 -0.00749477 -0.0148761 0.0267411 0.0966484 0.200116 -0.00963879 0.00828774 0.0116703 0.0799617 0.0366542 0.00362277 0.0110005
internal_weight=6090.32 4536.23 1554.09 1362.25 218.138 2275.94 1973.35 222.38 2260.29 191.845 129.669 20.968 15.7447 207.986 131.735 202.32 11.5419 1144.11 1075.69 733.833 73.4568 24.4804 7.5767 48.9764 341.855 334.05 33.54 16.9037 300.51 264.257
internal_count=31623 21779 9844 8343 1487 11538 9993 1147 10241 1501 955 154 117 1079 689 1411 83 6856 6401 4471 443 142 46 301 1930 1890 168 96 1722 1524
is_linear=0
shrinkage=0.1


Tree=14
num_leaves=31
num_cat=0
split_feature=1 1 11 18 13 7 7 6 9 13 9 17 15 7 10 10 7 11 21 7 13 9 14 20 10 20 18 20 11 18
split_gain=66.3301 26.6944 15.3711 12.7015 13.1361 10.8773 10.7559 10.7635 15.8304 15.9402 10.5486 11.8044 11.9407 11.8552 11.8338 10.3498 10.2016 21.2667 11.8911 12.5067 11.2216 11.8829 16.7789 11.8062 25.9886 10.3007 10.0816 23.6312 12.1135 10.9205
threshold=-0.1540089304598001 -0.62120081363214374 0.84636765545972048 2.8410862407784787 -4.5435675939917912 -3.759114085449101 -3.1471282476872751 0.56838999372867816 1.8756537450376742 6.2283708152531654 -0.16113384857403187 -0.1599241971069659 0.47095925318011794 0.54759854825491949 0.13114155646788067 0.95313385543681228 1.4574820795317911 1.0842017725038586 1.0000000180025095e-35 2.3482129550516659 1.4323162489308325 0.3341593543905565 0.76245259955292111 0.29166666666666669 0.074823628915151527 -1.0000000180025095e-35 2.6164305397378902 -0.20833333333333329 0.4747574265680311 2.7855102031600487
decision_type=2 2 2 2 2 2 2 2 2 2 2 2 2 2 2 2 2 2 2 2 2 2 2 2 2 2 2 2 2 2
left_child=1 -1 3 26 -5 -4 -7 -8 16 -10 15 12 -12 14 -13 -3 20 -18 19 -19 21 22 -9 -22 -25 -21 -2 28 29 -28
right_child=2 10 5 4 -6 6 7 8 9 -11 11 13 -14 -15 -16 -17 17 18 -20 25 23 -23 -24 24 -26 -27 27 -29 -30 -31
leaf_value=-0.038215281953841836 0.0022936352559998047 -0.015402398948448987 0.073397351734918875 0.055693164199190237 -0.08173529595105461 -0.046968909286954463 0.022879363694152704 0.079123831326285698 0.047420421044963745 -0.0024418722862299298 0.069997029072870032 0.014406795917213527 -0.053302365045902661 -0.027723449592927042 -0.011850866533070227 -0.073817276863300182 0.1304480322893681 -0.058701396432986379 -0.095107389387902252 -0.022480292581995558 0.051655973405898573 -0.049916238405356105 -0.036275095826431916 0.091886644979106327 -0.080795705048631844 0.12363529461107658 0.075084367158861076 0.094618983887811758 -0.10703489583179478 -0.073416150192612759
leaf_weight=397.9309616163373 2475.2825329750776 778.01377093046904 30.462784826755524 7.5198722630739203 31.074612036347389 26.661943420767784 786.23252007365227 21.357646808028221 127.61050851643085 125.64233900606632 38.028669431805611 341.02972576022148 8.4362511187791807 176.45862127840519 342.24945876002312 30.433599457144737 5.2982892096042624 26.48020575940609 36.39306965470314 9.066814064979555 61.043398886919022 61.01328706741333 26.479348048567772 11.988320663571356 23.074761211872101 7.599187269806861 12.25735411047936 35.7523253262043 9.8396743535995466 6.2201582044363013
leaf_count=3110 12128 4659 124 36 166 119 3418 95 571 584 213 1752 46 949 1921 218 24 120 169 41 273 271 121 53 103 34 59 170 46 30
internal_value=-0.000602406 -0.0149111 0.00702035 0.00244157 -0.0533777 0.0155081 0.0141131 0.0154049 0.00451326 0.0227358 -0.00946244 -0.00202196 0.0462268 -0.00472878 0.00122817 -0.0177587 -0.0113779 -0.0402157 -0.0540349 -0.0169117 0.000667474 -0.0210856 0.0156805 0.0254553 -0.0198599 0.0477505 0.00332882 0.0420502 -0.0250715 0.022334
internal_weight=6076.93 2112.58 3964.35 2577.95 38.5945 1386.4 1355.94 1329.28 543.047 253.253 1714.65 906.203 46.4649 859.738 683.279 808.447 289.794 84.8376 79.5393 43.1462 204.957 108.85 47.837 96.1065 35.0631 16.666 2539.35 64.0695 28.3172 18.4775
internal_count=31623 12868 18755 12635 202 6120 5996 5877 2459 1155 9758 4881 259 4622 3673 4877 1304 388 364 195 916 487 216 429 156 75 12433 305 135 89
is_linear=0
shrinkage=0.1


end of trees

feature_importances:
Column_11=56
Column_7=43
Column_10=37
Column_1=29
Column_6=26
Column_9=26
Column_15=26
Column_5=22
Column_8=20
Column_14=20
Column_17=17
Column_18=17
Column_13=16
Column_19=15
Column_20=14
Column_0=13
Column_3=13
Column_21=12
Column_4=9
Column_12=9
Column_16=7
Column_2=2
Column_22=1

parameters:
[boosting: gbdt]
[objective: binary]
[metric: binary_logloss]
[tree_learner: serial]
[device_type: cpu]
[data_sample_strategy: bagging]
[data: ]
[valid: ]
[num_iterations: 500]
[learning_rate: 0.1]
[num_leaves: 31]
[num_threads: 0]
[seed: 42]
[deterministic: 0]
[force_col_wise: 0]
[force_row_wise: 0]
[histogram_pool_size: -1]
[max_depth: 12]
[min_data_in_leaf: 20]
[min_sum_hessian_in_leaf: 0.001]
[bagging_fraction: 0.9]
[pos_bagging_fraction: 1]
[neg_bagging_fraction: 1]
[bagging_freq: 5]
[bagging_seed: 400]
[bagging_by_query: 0]
[feature_fraction: 0.9]
[feature_fraction_bynode: 1]
[feature_fraction_seed: 30056]
[extra_trees: 0]
[extra_seed: 12879]
[early_stopping_round: 0]
[early_stopping_min_delta: 0]
[first_metric_only: 0]
[max_delta_step: 0]
[lambda_l1: 0.2]
[lambda_l2: 1.5]
[linear_lambda: 0]
[min_gain_to_split: 0]
[drop_rate: 0.1]
[max_drop: 50]
[skip_drop: 0.5]
[xgboost_dart_mode: 0]
[uniform_drop: 0]
[drop_seed: 17869]
[top_rate: 0.2]
[other_rate: 0.1]
[min_data_per_group: 100]
[max_cat_threshold: 32]
[cat_l2: 10]
[cat_smooth: 10]
[max_cat_to_onehot: 4]
[top_k: 20]
[monotone_constraints: ]
[monotone_constraints_method: basic]
[monotone_penalty: 0]
[feature_contri: ]
[forcedsplits_filename: ]
[refit_decay_rate: 0.9]
[cegb_tradeoff: 1]
[cegb_penalty_split: 0]
[cegb_penalty_feature_lazy: ]
[cegb_penalty_feature_coupled: ]
[path_smooth: 0]
[interaction_constraints: ]
[verbosity: -1]
[saved_feature_importance_type: 0]
[use_quantized_grad: 0]
[num_grad_quant_bins: 4]
[quant_train_renew_leaf: 0]
[stochastic_rounding: 1]
[linear_tree: 0]
[max_bin: 255]
[max_bin_by_feature: ]
[min_data_in_bin: 3]
[bin_construct_sample_cnt: 200000]
[data_random_seed: 175]
[is_enable_sparse: 1]
[enable_bundle: 1]
[use_missing: 1]
[zero_as_missing: 0]
[feature_pre_filter: 1]
[pre_partition: 0]
[two_round: 0]
[header: 0]
[label_column: ]
[weight_column: ]
[group_column: ]
[ignore_column: ]
[categorical_feature: ]
[forcedbins_filename: ]
[precise_float_parser: 0]
[parser_config_file: ]
[objective_seed: 16083]
[num_class: 1]
[is_unbalance: 0]
[scale_pos_weight: 1]
[sigmoid: 1]
[boost_from_average: 1]
[reg_sqrt: 0]
[alpha: 0.9]
[fair_c: 1]
[poisson_max_delta_step: 0.7]
[tweedie_variance_power: 1.5]
[lambdarank_truncation_level: 30]
[lambdarank_norm: 1]
[label_gain: ]
[lambdarank_position_bias_regularization: 0]
[eval_at: ]
[multi_error_top_k: 1]
[auc_mu_weights: ]
[num_machines: 1]
[local_listen_port: 12400]
[time_out: 120]
[machine_list_filename: ]
[machines: ]
[gpu_platform_id: -1]
[gpu_device_id: -1]
[gpu_use_dp: 0]
[num_gpu: 1]

end of parameters

pandas_categorical:null
