tree
version=v4
num_class=1
num_tree_per_iteration=1
label_index=0
max_feature_idx=22
objective=binary sigmoid:1
feature_names=Column_0 Column_1 Column_2 Column_3 Column_4 Column_5 Column_6 Column_7 Column_8 Column_9 Column_10 Column_11 Column_12 Column_13 Column_14 Column_15 Column_16 Column_17 Column_18 Column_19 Column_20 Column_21 Column_22
feature_infos=[-16.250769161391776:25.82886407706313] [-1.0877123267336259:48.172658254042666] [-1.3573342337170884:96.919808717585965] [-0.3830658364707018:2.5539250892943337] [-0.38222836416394629:2.5442147261516141] [-0.38371916163631686:2.5102099804195714] [-8.283446475758387:9.186331055379414] [-7.3804364900977903:5.7685987055796906] [-1.7847102656256979:1.8076327476719229] [-0.45061114656385814:12.602569411443119] [-1.1583381056563646:8.6736828815926117] [-1.0239597681293233:11.054853126599303] [-1.2439190019595194:20.230052390908313] [-18.806931452105882:21.827429388799654] [-17.684074964175633:19.77668556299102] [-25.197222789055854:26.964762129633108] [-0.38239193409480393:2.5468031862297345] [-0.38358827394827699:2.5120239192333242] [-0.38455552696489159:2.6251702730511153] [-1.9533735214719321:2.0629568869130073] [-1:0.91666666666666663] [-0.75:0.75] [0:1]
tree_sizes=3435 3465 3461 3449 3473 3466 3473 3448 3472 3483 3469 3463 3474 3466

Tree=0
num_leaves=31
num_cat=0
split_feature=11 5 9 13 17 13 11 14 18 8 4 13 4 10 8 4 7 7 5 6 21 11 10 20 18 9 5 10 4 15
split_gain=254.64 128.303 157.469 47.679 47.36 49.6086 44.3956 37.3273 32.7773 34.4891 32.1722 39.0823 27.2237 26.5555 29.4778 26.2703 26.2412 24.6573 28.9202 23.0957 22.3017 22.1754 22.0212 21.9373 21.8793 21.6793 26.3066 31.5304 36.8128 28.512
threshold=1.0517407789493458 -0.29878655709849361 -0.28268536794883181 0.16549927588546551 1.2525148996270963 -1.9437417759732798 -0.75345085861807493 -3.0028234264800693 -0.24199898515578733 0.17474955980936388 -0.17386318462096476 -0.10144108772139467 -0.38072385443114487 0.98615177059750969 -0.090474537483117623 -0.33686540926127423 1.0315134415940614 -0.60878887047333652 0.14567936297473211 0.90557324090076807 -0.37499999999999994 -0.66249392097271331 1.2613348220593643 0.45833333333333343 1.2340625365445537 -0.17161600163237842 0.73504328711010591 0.84387169326720735 -0.17006891548784905 2.7097360193055597
decision_type=2 2 2 2 2 2 2 2 2 2 2 2 2 2 2 2 2 2 2 2 2 2 2 2 2 2 2 2 2 2
left_child=1 6 10 8 5 20 -1 22 9 -2 11 -3 -8 -5 -15 16 -14 18 -10 -17 -4 24 -6 -22 -7 -23 27 28 -27 -28
right_child=3 2 4 13 7 21 12 -9 17 -11 -12 -13 15 14 -16 19 -18 -19 -20 -21 23 25 -24 -25 -26 26 29 -29 -30 -31
leaf_value=-0.7777888612624575 -0.56085619226005934 -0.72371065195276751 -0.65754602436753418 -0.74382667028983795 -0.71617924872063554 -0.83328065293723497 -0.61496311705283002 -0.78465929417113789 -0.71162500028532483 -0.71190623535941699 -0.81103616321757732 -0.79491295326190758 -0.7134475764954672 -0.63098142745871721 -0.71817916427817563 -0.59332561461607658 -0.76955467165866975 -0.71897530567699219 -0.63486688277391223 -0.72531760010441793 -0.70408239846896103 -0.76843453678476381 -0.79713401918717031 -0.79024722546697612 -0.7023822471655965 -0.5792180450235902 -0.77609005286258559 -0.76663862361330781 -0.73396294632175019 -0.70711571499026771
leaf_weight=121.30348156392574 38.76484689116478 105.4055387377739 68.600712195038795 381.55062782764435 142.64592535793781 60.325070723891258 26.351384684443474 803.39056281745434 95.823217034339905 26.351384684443474 748.94555313885212 274.62062881886959 475.84938459098339 45.951588168740273 233.46020150184631 29.618085265159607 99.525477692484856 226.70902030169964 106.92999900877476 25.044704452157021 111.06781974434853 617.84196983277798 42.249327510595322 38.547066852450371 14.809042632579802 14.155702516436575 432.94671696424484 336.68793985247612 1072.1311305910349 67.947372078895569
leaf_count=557 178 484 315 1752 655 277 121 3689 440 121 3439 1261 2185 211 1072 136 457 1041 491 115 510 2837 194 177 68 65 1988 1546 4923 312
internal_value=-0.751632 -0.760273 -0.766207 -0.708843 -0.756504 -0.749937 -0.722558 -0.775338 -0.685364 -0.619416 -0.798998 -0.77508 -0.712284 -0.726552 -0.703201 -0.7167 -0.723209 -0.695835 -0.670487 -0.65113 -0.704293 -0.75376 -0.735004 -0.726579 -0.806764 -0.752154 -0.746927 -0.739983 -0.731693 -0.766589
internal_weight=6885.55 5730.01 4952.32 1155.54 3823.35 2835.06 777.693 988.286 494.578 65.1162 1128.97 380.026 656.389 660.962 279.412 630.038 575.375 429.462 202.753 54.6628 218.216 2616.84 184.895 149.615 75.1341 2541.71 1923.87 1422.97 1086.29 500.894
internal_count=31617 26311 22740 5306 17556 13018 3571 4538 2271 299 5184 1745 3014 3035 1283 2893 2642 1972 931 251 1002 12016 849 687 345 11671 8834 6534 4988 2300
is_linear=0
shrinkage=1


Tree=1
num_leaves=31
num_cat=0
split_feature=1 1 1 2 7 6 7 6 0 5 14 18 8 11 7 4 5 5 10 4 17 13 4 3 11 18 17 1 21 14
split_gain=401.96 84.7585 78.2655 30.7198 26.1674 24.8588 20.8601 19.8171 19.7314 17.6251 20.1871 17.2144 15.3696 18.7213 15.3313 18.7223 24.6582 20.5411 16.6659 15.2671 13.403 27.3899 12.9728 39.8853 29.8369 17.9521 17.1078 15.9018 13.0211 17.974
threshold=-0.007761811490045672 -0.52431619990069323 0.89819101997641237 -0.058790973310280506 0.39246311554527036 -0.44295168512742056 -2.6497884325468508 1.0053390888205536 0.22863266378878574 1.3812526118733841 -2.5201662697181422 -0.12686656975378188 0.19036278551004579 1.0517407789493458 -0.042284338659381394 -0.37524074477088615 -0.35525065464197347 -0.24326843039291499 1.8813125560274451 1.2291790593640435 1.2098453020209565 -1.0385818402098168 -0.098125982347962701 -0.17737725649193936 -0.44406505221591658 -0.026653723332693845 -0.12412428303313171 -0.31167479348037402 -0.62499999999999989 -0.081330225189662084
decision_type=2 2 2 2 2 2 2 2 2 2 2 2 2 2 2 2 2 2 2 2 2 2 2 2 2 2 2 2 2 2
left_child=1 4 3 -2 -1 8 -7 9 -4 10 19 12 13 -8 -14 -16 -17 18 -18 -3 21 -5 23 27 28 -26 -25 -12 -24 -30
right_child=2 7 5 20 -6 6 11 -9 -10 -11 22 -13 14 -15 15 16 17 -19 -20 -21 -22 -23 24 26 25 -27 -28 -29 29 -31
leaf_value=-0.05608738498302767 0.025992128976731178 0.068651264187950381 0.080402432957647887 0.050869150445615997 -0.010906001153241949 0.14125785341149077 0.049464538618652604 0.01577676951423081 0.037779500392043419 -0.038652301688700791 -0.026507582925868273 0.018567276591380067 0.07357509197505506 0.13389043519007676 0.1063858371927241 -0.055785830210025839 0.12781750026033956 -0.014880361940451626 -0.02917476302847867 -0.039544451952636506 -0.018634808310663355 0.00088239285973903665 0.0099070292425187337 -0.036754938425251349 0.044316080580762938 -0.0043568695771591696 -0.090779194335097929 0.013664121626401311 -0.087798717008148036 -0.018540351762717348
leaf_weight=839.81729274988174 921.2374329417944 48.387959554791451 257.30474917590618 123.82253867387772 153.54784241318703 16.090024322271347 97.243960753083229 197.60428175330162 199.50430609285831 324.66964462399483 162.56208577752113 498.21763567626476 55.212282881140709 37.238583251833916 16.60847669839859 49.808557331562042 25.592323020100594 38.690040752291679 8.1083041429519636 16.289994776248932 251.07574324309826 882.48211072385311 36.189114823937416 344.06069630384445 83.042933642864227 728.31835614144802 71.623211115598679 244.89147639274597 81.262009248137474 71.901909112930298
leaf_count=3905 4209 218 1166 563 712 73 444 906 903 1504 749 2276 251 165 76 227 116 177 37 74 1158 4047 167 1603 381 3345 332 1123 376 334
internal_value=-0.00015413 -0.0245799 0.0237461 0.0121334 -0.0491506 0.0431612 0.0328262 -0.0144231 0.0620157 -0.0171374 -0.0134003 0.0304397 0.0482189 0.0742084 0.0296712 0.0114656 -0.00240729 0.0344362 0.0898437 0.0408199 0.00194488 0.00711951 -0.015366 -0.024667 -0.00767004 0.000672794 -0.0464043 -0.00235275 -0.0432475 -0.0559102
internal_weight=6882.41 3404.17 3478.24 2178.62 993.365 1299.62 842.81 2410.8 456.809 2213.2 1888.53 826.72 328.503 134.483 194.02 138.808 122.199 72.3907 33.7006 64.678 1257.38 1006.3 1823.85 823.137 1000.71 811.361 415.684 407.454 189.353 153.164
internal_count=31617 15729 15888 9977 4617 5911 3842 11112 2069 10206 8702 3769 1493 609 884 633 557 330 153 292 5768 4610 8410 3807 4603 3726 1935 1872 877 710
is_linear=0
shrinkage=0.1


Tree=2
num_leaves=31
num_cat=0
split_feature=1 1 1 12 7 9 17 3 9 21 6 10 18 13 7 5 16 21 14 10 7 0 20 7 5 18 9 7 14 7
split_gain=329.147 90.9349 38.3514 25.4805 22.2164 19.2958 31.2269 31.2098 19.8444 34.2393 19.0812 16.8403 16.6631 27.0275 16.203 16.1766 30.9513 17.1106 22.1994 22.8473 15.4338 15.0253 14.6967 14.3459 13.9064 13.6422 13.5902 36.71 13.5689 13.2804
threshold=0.1767894195830286 -0.52431619990069323 0.89819101997641237 0.067281522798907631 0.39246311554527036 -0.17654973822358141 1.2525148996270963 -0.17737725649193936 0.68815820261050054 -0.62499999999999989 -0.44295168512742056 -0.20664694670167946 1.1363667819855545 -1.2079995690640926 -2.6497884325468508 0.67696252615930674 0.67074369524936295 1.0000000180025095e-35 -1.2203735157189524 -0.60526173916691606 -0.054234932397427403 0.19423255735791564 -0.37499999999999994 0.65750776103838493 1.8949998904534657 -0.12686656975378188 1.3605566440833508 -0.90520438182977825 1.0388924248720344 0.66864070654332419
decision_type=2 2 2 2 2 2 2 2 2 2 2 2 2 2 2 2 2 2 2 2 2 2 2 2 2 2 2 2 2 2
left_child=1 4 3 -2 -1 7 8 -3 15 -10 21 23 13 -5 -12 16 28 18 22 -20 -9 -4 -17 -11 -14 -16 27 -13 -7 -19
right_child=2 5 10 12 -6 6 -8 20 9 11 14 26 24 -15 25 17 -18 29 19 -21 -22 -23 -24 -25 -26 -27 -28 -29 -30 -31
leaf_value=-0.051650654973261489 0.030906983834087572 -0.0028110047659144714 0.070674665657747118 0.069265709380650006 -0.0098677843218654328 0.0084992557964474504 -0.023435709746259629 -0.0192282824147662 0.11162109825196548 0.12649060594661332 0.12296928913161116 0.12458090333128997 -0.03128292222866607 0.0052025744459884924 0.042863709158407322 -0.015119301293529314 0.16953946394713543 -0.059389841206907358 0.094239535183207296 -0.031758157399268259 -0.051189033101995934 0.033832345879233498 0.15557772420767127 -0.048125907604519819 0.038917873370814843 0.016602770734345941 0.038717817644248691 -0.029353797262707478 -0.030545876715628702 0.035422135540011938
leaf_weight=821.85837189853191 608.60523083806038 550.12437660992146 261.14546386897564 72.025093764066696 152.92494264245033 639.95327280461788 564.93456728756428 301.41377578675747 40.088283449411392 19.654702529311184 16.815040349960327 15.91139432787895 176.45403881371021 645.30726146697998 333.27790680527687 7.1575051397085216 9.8486742824316007 118.73828190565109 15.13137251138687 104.45500214397907 313.17809361219406 204.96072836220264 12.601261645555494 4.9911710917949668 31.97994177043438 501.44815284013748 77.067867055535316 138.13003225624561 101.74723072350025 15.562475606799124
leaf_count=3905 2759 2522 1153 322 712 2922 2638 1420 180 90 73 71 814 2950 1493 33 45 554 70 483 1472 916 57 23 148 2276 348 632 464 72
internal_value=-0.000155499 -0.0185697 0.0258243 0.0150341 -0.0451414 -0.0100548 -0.00378591 -0.0201705 0.00461914 0.0273692 0.0383428 0.0135115 0.00454441 0.0117939 0.0292979 -0.00195682 0.00560673 -0.0227196 0.00174194 -0.0146805 -0.035632 0.0546773 0.096099 0.0896309 -0.0202157 0.0271699 0.00478241 -0.0122768 0.00306525 -0.0479861
internal_weight=6877.49 4025.47 2852.02 1534.37 974.783 3050.69 1885.97 1164.72 1321.04 295.843 1317.65 255.755 925.766 717.332 851.541 1025.2 751.549 273.646 139.345 119.586 614.592 466.106 19.7588 24.6459 208.434 834.726 231.109 154.041 741.701 134.301
internal_count=31617 18713 12904 6993 4617 14096 8682 5414 6044 1344 5911 1164 4234 3272 3842 4700 3431 1269 643 553 2892 2069 90 113 962 3769 1051 703 3386 626
is_linear=0
shrinkage=0.1


Tree=3
num_leaves=31
num_cat=0
split_feature=1 1 1 2 11 13 7 0 6 18 11 10 15 11 2 1 12 11 11 1 13 2 15 13 10 15 9 5 11 5
split_gain=268.328 59.1496 49.193 20.7507 19.0136 26.909 18.8407 15.6868 15.3861 14.5102 12.8695 19.6412 12.8637 17.9762 12.8261 15.3358 11.8668 17.3022 13.0567 12.0267 11.781 12.2344 11.7023 11.534 11.7378 11.5283 11.5781 15.8462 15.6965 12.7383
threshold=-0.007761811490045672 -0.52431619990069323 0.8143111148960851 -0.058790973310280506 1.4959860016611193 1.7080638674314368 0.39246311554527036 0.80865543978743382 1.0053390888205536 1.6734261613194052 2.7311924531193692 1.1468081468014681 2.2052775623611369 -0.66249392097271331 -0.30891220103000155 4.2602818733639838 -0.75236977791492154 1.3810402936430519 0.31532094845327358 -0.19458125713018165 -3.2191371440214986 -0.12495712403689686 -2.8412576600074959 -3.2191371440214986 -0.45426693695409365 0.17441502587459104 0.061520989499753799 0.7264313066142577 0.053138695067177631 -0.27753818913898848
decision_type=2 2 2 2 2 2 2 2 2 2 2 2 2 2 2 2 2 2 2 2 2 2 2 2 2 2 2 2 2 2
left_child=1 6 3 20 14 7 25 -6 9 12 11 -7 16 -14 -4 -16 18 19 -3 -18 21 -2 -9 -15 -25 26 29 28 -28 -1
right_child=2 8 4 -5 5 10 -8 22 -10 -11 -12 -13 13 23 15 -17 17 -19 -20 -21 -22 -23 -24 24 -26 -27 27 -29 -30 -31
leaf_value=-0.0014285695874717065 0.076415936713526755 0.05724087932540544 0.052124141356928201 0.00058312127338670154 0.084090505678648689 -0.0066579182074210236 -0.0089252391604156354 -0.043458893602752804 0.01454229214158468 -0.043163323674591358 -0.014619428384603464 0.10772674680645303 -0.10280668803666378 -0.061320217569488182 0.017296435389782958 0.077338585024276374 -0.023068425067387311 0.037808076089564178 -0.025694436517604027 -0.0053160235435454201 0.01744835845626545 -0.057246853936132318 0.048633599203318584 -0.048283514387095855 0.05499046612534856 -0.029025702355069006 0.16405829634529256 -0.038118156208107427 -0.052489404469153247 -0.066092362995623002
leaf_weight=33.4644376039505 57.854970142245293 45.836865559220314 153.28742310404778 1191.563212916255 194.1582815349102 31.002629727125168 152.35680764913559 14.474958360195158 198.39057570695877 161.77029147744179 74.963082745671272 26.776042118668556 9.4124116599559766 10.502366006374357 800.31492239236832 43.873183891177177 1210.8233124613762 56.936446443200111 30.153307735919952 563.2672907859087 828.71296979486942 6.46785645186901 103.33300305902958 11.182051226496695 87.378248900175095 245.65623036026955 6.9463052153587324 72.420716285705566 4.4100606590509415 441.81895543634892
leaf_count=160 259 210 680 5454 848 140 712 64 906 768 335 120 45 48 3569 193 5672 259 139 2611 3741 29 456 52 402 1189 33 350 21 2152
internal_value=-0.000144027 -0.0204428 0.0190903 0.00924265 0.0332862 0.0505347 -0.0414358 0.0665372 -0.0119918 -0.0144159 0.0124539 0.0473979 -0.0120799 0.019648 0.0255119 0.0205722 -0.0140753 -0.0156938 0.0242133 -0.0174526 0.0207542 0.0616736 0.0367465 0.0316484 0.0425256 -0.0475382 -0.0555376 -0.0204305 0.0820971 -0.0616002
internal_weight=6869.51 3342.73 3526.78 2084.6 1442.18 444.708 957.074 311.966 2385.65 2187.26 132.742 57.7787 2025.49 118.475 997.476 844.188 1907.02 1831.03 75.9902 1774.09 893.036 64.3228 117.808 109.063 98.5603 804.717 559.06 83.7771 11.3564 475.283
internal_count=31617 15729 15888 9483 6405 1963 4617 1368 11112 10206 595 260 9438 547 4442 3762 8891 8542 349 8283 4029 288 520 502 454 3905 2716 404 54 2312
is_linear=0
shrinkage=0.1


Tree=4
num_leaves=31
num_cat=0
split_feature=1 1 11 4 14 17 11 14 19 11 4 5 17 10 5 18 9 0 18 9 4 5 8 18 5 18 20 14 15 14
split_gain=220.048 62.9712 35.3969 25.5165 26.2668 23.7834 22.3029 21.3441 16.2091 15.5627 20.4349 45.371 20.6452 19.308 15.3249 15.1227 15.0711 16.6959 15.727 14.9739 14.3479 17.0795 15.0927 13.7264 22.8571 13.5475 17.0307 15.1191 13.4402 12.9812
threshold=0.1767894195830286 -0.52431619990069323 1.4959860016611193 -0.23917059605851762 -2.6423984805049758 1.7908875245001241 0.83363537850298608 -0.081330225189662084 0.9801298299081197 -0.45539188036566081 -0.098125982347962701 -0.24115671402593244 1.2001434142525966 -0.65546526222095991 -0.38202347866236369 -0.1094008729263214 1.3605566440833508 0.74160784064880447 -0.026653723332693845 -0.28268536794883181 -0.25194692298391957 -0.29878655709849361 -0.42095041798493432 0.7468244849192246 0.60864606163980617 -0.35414600901214149 -1.0000000180025095e-35 0.24858481579499536 4.0267951896367178 1.8069013090304895
decision_type=2 2 2 2 2 2 2 2 2 2 2 2 2 2 2 2 2 2 2 2 2 2 2 2 2 2 2 2 2 2
left_child=1 19 3 7 6 8 -5 -2 -4 -3 11 13 16 -11 -9 -13 18 -18 -12 -1 21 22 -16 24 -6 26 -24 -27 -20 -10
right_child=2 9 5 4 23 -7 -8 14 29 10 12 15 -14 -15 20 -17 17 -19 28 -21 -22 -23 25 -25 -26 27 -28 -29 -30 -31
leaf_value=-0.050653610580367818 0.071251293554891279 -0.022405220987886051 0.05002568004499857 0.026950942818544155 0.0050910347131130603 -0.06044317914533795 0.11708935775857657 0.090628649661897057 0.02447211826638046 0.15451675635984186 0.038180001249631529 -0.025227692255887176 -0.015682814709720629 0.01851161712186521 0.050192303757932578 -0.082637940267744958 0.067785817549971428 -0.085168035680906307 -0.00024947050134535527 -0.025145129545586606 0.10511897108731925 -0.071285733140593041 0.024974175352759254 -0.012217487818431665 0.056301257827507382 0.092628286482365485 -0.02715244089676741 -0.012715457546920973 0.088850680610773614 -0.078999679365488712
leaf_weight=471.90713326632977 114.44767056405544 628.01884014904499 568.86567607522011 157.30952474474907 979.44328437745571 20.718740046024323 32.499880984425545 30.22154501080513 38.584168538451195 9.7771857827901822 132.16753230988979 593.07928524911404 468.11380229890347 164.07762722671032 112.26850044727325 49.119474992156029 67.359658882021904 6.5677247643470755 894.1893917620182 468.26106981933117 16.893774792551994 20.476094081997871 116.62124589085579 387.92633885145187 94.399668589234352 33.184493213891983 131.87484553456306 21.40267725288868 15.748795330524443 15.844088554382322
leaf_count=2347 500 2956 2490 699 4407 92 141 132 171 45 600 2798 2204 746 495 240 298 29 4111 2270 76 92 517 1775 422 145 585 94 69 71
internal_value=-0.000146093 -0.0154371 0.0208192 0.0148681 0.00843067 0.0414875 0.0432864 0.0325663 0.0450448 -0.00840063 -0.00471626 -0.0175589 0.00189719 0.0275306 0.0231652 -0.0298322 0.00930008 0.0525087 0.00614461 -0.0380304 0.0183332 0.0145744 0.0190964 0.00385129 0.00968369 0.00732173 -0.00260593 0.0517328 0.00141438 -0.0066019
internal_weight=6861.37 3968.39 2892.98 2248.97 1651.58 644.013 189.809 597.391 623.294 3028.22 2400.2 816.054 1584.15 173.855 482.943 642.199 1116.03 73.9274 1042.11 940.168 452.722 435.828 415.352 1461.77 1073.84 303.083 248.496 54.5872 909.938 54.4283
internal_count=31617 18713 12904 10080 7444 2824 840 2636 2732 14096 11140 3829 7311 791 2136 3038 5107 327 4780 4617 2004 1928 1836 6604 4829 1341 1102 239 4180 242
is_linear=0
shrinkage=0.1


Tree=5
num_leaves=31
num_cat=0
split_feature=11 5 9 11 7 17 13 5 13 7 10 6 8 3 5 11 3 15 17 6 6 7 9 21 10 9 15 14 5 10
split_gain=115.862 52.989 82.0383 32.5178 26.8361 25.607 25.0254 24.6335 33.47 20.8935 19.1083 17.8381 23.0766 17.7667 19.5141 24.579 19.9308 18.5476 17.0502 23.4202 22.9814 16.7867 16.5226 21.9146 21.3107 21.1427 19.4664 20.4225 16.193 20.575
threshold=1.0517407789493458 -0.29878655709849361 -0.28268536794883181 -0.46797326480354601 -1.2839371226618421 1.2525148996270963 0.20490930033991603 -0.17302850725400915 -0.090343418217716617 -0.2935420933661298 0.98615177059750969 0.16498217460761508 0.32475424342458298 -0.24591500144801617 -0.24115671402593244 -0.24239507111043299 -0.22669861955787238 0.31997808662618793 1.2736757457446377 0.11967141587450685 -0.58609426141359255 -0.11624570767493363 0.59016970421976123 -0.62499999999999989 -0.35206911704984245 0.84484962414172005 0.56763584204693529 -1.0139941669296486 0.67696252615930674 1.1468081468014681
decision_type=2 2 2 2 2 2 2 2 2 2 2 2 2 2 2 2 2 2 2 2 2 2 2 2 2 2 2 2 2 2
left_child=1 3 7 4 -1 22 11 8 -3 18 -8 -2 -13 17 15 -15 -16 -10 -7 20 -20 -11 28 26 25 -25 27 -24 29 -4
right_child=6 2 5 -5 -6 9 10 -9 13 21 -12 12 -14 14 16 -17 -18 -19 19 -21 -22 -23 23 24 -26 -27 -28 -29 -30 -31
leaf_value=0.088975071815174792 0.034858682906875389 0.03106338553698873 0.0053841481092563644 0.036549511939839803 -0.011743187956081608 -0.076286942488095366 -0.00031831326310078983 -0.046596730472493908 -0.10433970619957114 -0.064648323769428001 0.033821827501317417 0.11567351719561435 0.0082435440096035179 0.15581212774503117 -0.066551493282144325 -0.021096671280200773 -0.0015327393570108926 0.086560093467953583 -0.0042073170583711563 -0.041600398585602071 0.062602579061824176 -0.020465146379672984 0.058562177735195176 0.12291945917625938 0.0012954205966548042 -0.056827832841943621 0.1051752363096902 -0.062031487978319713 -0.0213856019178904 -0.025478856915242556
leaf_weight=27.130618691444397 454.96012710034847 111.61343732476234 1586.4198163747787 418.75562343001366 344.26859819889069 22.202534094452858 377.94501252472401 671.75272989273071 47.342755034565926 101.37180152535439 286.45676666498184 64.850472420454025 29.561434775590897 11.810764923691751 89.451461941003799 18.024430364370346 99.382273614406586 4.4343982040882102 104.03654853999615 60.520379677414894 99.097212433815002 567.5156230032444 40.330279141664505 26.273912578821182 464.77942460775375 7.4102256596088401 45.690819516777992 19.603979989886284 382.95668795704842 248.45086655020714
leaf_count=121 1974 515 7298 1839 1564 104 1697 3351 229 485 1262 279 129 56 433 84 481 20 476 287 465 2701 173 118 2103 33 202 89 1819 1152
internal_value=-0.000429039 -0.00648401 -0.0104142 0.0174914 -0.0040038 -0.003519 0.0275667 -0.0350662 -0.0146376 -0.017663 0.0144142 0.0433543 0.0828995 -0.0336392 -0.0207364 0.0524036 -0.0327193 -0.0856381 0.00489062 0.012195 0.0285076 -0.0273207 0.00126612 0.015911 0.00702378 0.0820712 0.0569789 0.01824 -0.00272186 0.00117685
internal_weight=6834.4 5620.63 4830.47 790.155 371.399 3776.66 1213.77 1053.81 382.06 954.744 664.402 549.372 94.4119 270.446 218.669 29.8352 188.834 51.7772 285.857 263.654 203.134 668.887 2821.92 604.089 498.464 33.6841 105.625 59.9343 2217.83 1834.87
internal_count=31539 26198 22674 3524 1685 17505 5341 5169 1818 4518 2959 2382 408 1303 1054 140 914 249 1332 1228 941 3186 12987 2718 2254 151 464 262 10269 8450
is_linear=0
shrinkage=0.1


Tree=6
num_leaves=31
num_cat=0
split_feature=1 1 1 12 0 11 10 7 8 20 18 9 17 6 12 16 3 5 13 6 9 5 10 1 12 9 9 5 14 7
split_gain=155.289 34.3422 32.0926 16.631 14.9638 20.0776 13.9541 13.4604 14.1111 13.0557 12.6273 12.5856 13.6324 12.2367 12.3087 18.8782 23.5201 16.394 11.9526 15.2476 12.7656 11.6294 11.4087 11.6854 10.5835 10.07 9.92638 9.7917 9.74325 13.6789
threshold=-0.007761811490045672 -0.52431619990069323 0.8143111148960851 0.80677895506578257 -0.52945355773033786 0.018433795669397506 -0.27600246943153711 -3.4467973222168191 -1.0647318729127611 1.0000000180025095e-35 -0.38091431095958966 -0.27885652422838941 -0.28655278475876744 0.54237819046372382 -0.16414801999414594 -0.037119518411872596 0.6452128583840141 -0.20184492592625644 -0.42891728786535233 -0.62089784566410511 0.039271334374268864 0.67696252615930674 1.8292977221586986 -0.19458125713018165 -0.79790351133047255 -0.43214095049750789 -0.22245509486201429 -0.13959427209573877 0.22150489649324268 0.48077034808833691
decision_type=2 2 2 2 2 2 2 2 2 2 2 2 2 2 2 2 2 2 2 2 2 2 2 2 2 2 2 2 2 2
left_child=1 11 3 9 5 -3 -5 -4 -9 -2 -10 12 -1 22 15 17 -17 -15 20 26 -13 -18 23 24 -6 -12 -20 -28 29 -14
right_child=2 4 7 6 13 -7 -8 8 10 -11 25 18 28 14 -16 16 21 -19 19 -21 -22 -23 -24 -25 -26 -27 27 -29 -30 -31
leaf_value=0.012644363121216263 0.019218836070084622 -0.051440095926103081 0.092986757518666169 -0.033901916864441155 0.040767323257892188 -0.00045117195890643228 0.0018397018874218461 0.057277091232724266 0.093480142477742542 0.0010844174084277531 -0.053890587613061203 -0.089986706686945861 -0.048288685147897414 0.03034342004554727 -0.010677953660087757 0.096308203510618709 -0.10520726453616561 -0.052895786964788929 0.16733610548358024 -0.015201134865961708 -0.023590785273129446 0.023927172159042071 -0.07072184961713586 0.0040248543839605747 -0.016427362663435998 0.020582200372212603 -0.074978060255766144 0.090731997297725631 -0.10315268427225144 0.048418809290073937
leaf_weight=37.55664324760437 868.39876656234264 182.07562163472176 27.674973145127296 162.6710886657238 31.75103372335434 134.72462129592896 323.16401019692421 116.02711986005306 22.297949820756912 735.14805983006954 16.875858724117279 42.46163871884346 380.27256211638451 46.826226636767387 175.87188026309013 56.646313920617104 6.1954681873321524 44.717665761709213 5.9880297034978893 298.88879364728928 93.471863746643066 71.121983751654625 29.421069294214249 466.75679112970829 1095.3488053232431 1294.6676541566849 5.0987002700567254 6.2127239555120441 31.108540132641792 13.847722932696341
leaf_count=183 3900 866 115 759 145 628 1477 500 94 3308 74 212 1989 212 818 259 28 207 30 1466 461 330 137 2177 5234 5650 25 30 157 68
internal_value=-0.000400711 -0.0161887 0.0140078 0.00601127 -0.00974573 -0.0299233 -0.0101541 0.0252845 0.0238836 0.0109263 0.0209028 -0.0326128 -0.0442443 -0.00655883 0.00902424 0.024447 0.0481899 -0.0102998 -0.0205559 -0.00972085 -0.0452322 0.0115205 -0.0104291 -0.00923813 -0.0147464 0.0195482 0.0775581 0.0144428 -0.0493424 -0.0446695
internal_weight=6823.29 3256.36 3566.93 2089.38 2341.46 316.8 485.835 1477.54 1449.87 1603.55 1333.84 914.907 462.785 2024.66 401.38 225.508 133.964 91.5439 452.122 316.188 135.934 77.3175 1623.28 1593.86 1127.1 1311.54 17.2995 11.3114 425.229 394.12
internal_count=31539 15662 15877 9444 11041 1494 2236 6433 6318 7208 5818 4621 2397 9547 1854 1036 617 419 2224 1551 673 358 7693 7556 5379 5724 85 55 2214 2057
is_linear=0
shrinkage=0.1


Tree=7
num_leaves=31
num_cat=0
split_feature=11 17 9 11 21 10 9 16 7 13 17 14 9 12 21 16 9 8 18 6 11 9 10 7 4 11 19 7 21 11
split_gain=81.697 35.6856 54.1231 22.839 22.1007 21.7995 20.0227 27.9826 25.0944 19.2531 19.0455 18.8318 24.992 18.4211 21.1538 25.5287 18.5468 18.3274 20.6961 17.3191 17.8955 20.437 16.82 16.8158 17.6677 21.1996 16.2136 15.726 20.114 15.6976
threshold=1.0517407789493458 -0.29560107292256438 -0.29219740622060852 -0.46797326480354601 -0.62499999999999989 -0.90137590993427952 -0.39573831274089127 -0.1741436355148045 0.14205919035801792 0.20490930033991603 1.2525148996270963 -0.086381550934026843 -0.39130199673935234 -0.085298014403976385 1.0000000180025095e-35 -0.33690670679901052 -0.34109461324437246 -0.48747528860156425 -0.21381289630006736 -0.22047228099615249 -0.36066948387427911 -0.3555317743570518 -0.067481176166948972 -0.31697014574115118 1.7076750090678277 -0.79691786811638299 -0.65735063631834956 -0.13004990181795947 1.0000000180025095e-35 -0.28652109984030161
decision_type=2 2 2 2 2 2 2 2 2 2 2 2 2 2 2 2 2 2 2 2 2 2 2 2 2 2 2 2 2 2
left_child=1 3 6 5 -5 -1 -3 17 19 -2 -4 12 -7 -6 15 29 -16 -8 -19 -9 -21 -22 26 24 25 -12 -11 -20 -29 -15
right_child=9 2 10 4 13 11 7 8 -10 22 23 -13 -14 14 16 -17 -18 18 27 20 21 -23 -24 -25 -26 -27 -28 28 -30 -31
leaf_value=0.18446792611480758 0.036695535495134775 -0.06497474909768447 0.000560605262848628 0.092457878178192662 -0.001548199014340732 0.16067773408489164 0.044019937691833336 -0.061971503009691523 -0.073063014996888595 0.088929872050184572 0.17035060482688891 -0.013764631455634765 -0.021669399619997629 0.051458980859607387 0.11231572844068881 0.12447034111915858 0 -0.033855938851164134 -0.027020767935360675 -0.037663822307716116 0.067140854594549826 -0.011776695511825462 0.018572946725448829 -0.024237779833610838 0.039753909039778039 -0.019734945947579664 -0.03605833153912872 0.13775693888567611 -0.0066173612002741926 -0.0303189796542601
leaf_weight=4.5311522930860511 557.37206892669201 139.90849198400974 2890.8475474864244 48.617169797420502 180.81258471310139 13.418369665741922 73.337407022714615 90.491892114281654 143.38590906560421 10.029336780309675 4.5630247592926017 338.87467187643051 14.184934958815573 33.475949853658676 55.810160130262375 16.882392033934593 19.702448382973671 147.33155505359173 23.811782553792 141.715331569314 44.71020582318306 111.20634201169014 558.04306988418102 673.65323339402676 94.556207537651062 173.32978235185146 101.78923210501671 20.335585400462151 16.602041259407997 69.707531347870827
leaf_count=21 2382 733 13338 211 789 59 345 467 734 44 22 1544 61 145 241 71 84 703 114 742 231 567 2457 3251 433 812 458 99 81 300
internal_value=-0.000374944 -0.00551185 -0.00877326 0.0140671 0.0298569 -0.00401443 -0.0300875 -0.0239501 -0.0374204 0.0229678 -0.00346535 -0.00714164 0.0699978 0.0213831 0.0425349 0.0158675 0.0835418 0.00148374 -0.0136203 -0.0239709 -0.0120975 0.0111506 0.0114591 -0.0157693 0.0051148 -0.0133641 -0.0236425 0.0347677 0.07462 -0.00323941
internal_weight=6813.04 5585.8 4789.79 796.017 425.008 371.009 952.837 812.928 531.51 1227.23 3836.95 366.478 27.6033 376.391 195.578 120.066 75.5126 281.418 208.081 388.124 297.632 155.917 669.862 946.102 272.449 177.893 111.819 60.7494 36.9376 103.183
internal_count=31539 26198 22672 3526 1841 1685 4816 4083 2741 5341 17856 1664 120 1630 841 516 325 1342 997 2007 1540 798 2959 4518 1267 834 502 294 180 445
is_linear=0
shrinkage=0.1


Tree=8
num_leaves=31
num_cat=0
split_feature=1 1 6 1 16 11 17 5 18 0 5 16 10 7 11 11 11 11 17 7 10 18 18 9 9 9 12 17 14 11
split_gain=112.709 32.1381 22.8542 16.4776 13.4061 16.7984 13.2087 17.3024 15.3173 11.877 11.8712 16.3634 15.9392 34.2299 16.16 15.2084 16.4185 15.14 17.2047 18.0521 16.0601 13.7897 13.8304 12.9747 11.2405 19.3068 11.1499 12.6526 22.6052 15.9201
threshold=-0.19458125713018165 0.8143111148960851 0.55481810998261716 -0.76428063518783984 -0.037119518411872596 0.1168815057756168 -0.28655278475876744 -0.36119843908360666 -0.24199898515578733 -0.11765249395563511 -0.17302850725400915 -0.098851994583293357 0.063788687588227144 -0.022073644781282657 -0.37852293728538272 0.73174766845226713 -0.5641111483607204 -0.51050990795452644 -0.22576092842542919 0.52190372978112454 -0.71902681857738571 -0.15347253350620468 -0.15831348116883248 -0.35327738542393677 2.2290278551275571 1.0273652997233849 0.82800374817407918 1.2001434142525966 -2.6423984805049758 -0.068053620099890424
decision_type=2 2 2 2 2 2 2 2 2 2 2 2 2 2 2 2 2 2 2 2 2 2 2 2 2 2 2 2 2 2
left_child=2 26 3 -1 -4 24 7 -5 -8 -3 17 12 13 14 -12 16 -14 20 -19 -20 -10 22 -16 -23 25 -6 27 28 29 -2
right_child=1 9 4 6 5 -7 8 -9 10 -11 11 -13 15 -15 21 -17 -18 18 19 -21 -22 23 -24 -25 -26 -27 -28 -29 -30 -31
leaf_value=-0.055338623142380708 -0.011930056466192759 0.030314934932796106 -0.018332694436128776 -0.0040571701590927716 0.018747705508680143 0.048308963226248031 -0.076203282880944301 0.096257015139762453 -0.053585054263323106 0.012364901105778234 -0.033014862359728066 -0.015668365822963937 0.097569789619022865 -0.060099374504315656 0.019576103692450553 0.0056957736188863262 -0.080311231189749838 -0.043002165051564956 0.058116293115663957 -0.054630233361546182 0.10495005906579179 0.066648641069796233 0.17307602563938707 -0.015994537169122372 0.075525794209022695 -0.068371914560787006 -0.009483919232203715 -0.0089633280939830084 0.007485404413683415 0.091081902042487436
leaf_weight=135.86160309612751 19.692550376057625 727.11908484995365 144.37334278225899 107.90504172444344 59.067239210009575 109.43072095513344 48.752076417207718 18.863640129566193 7.3123945146799114 764.07595263421535 65.826975211501122 1080.1363099813461 4.0593362003564826 143.03622649610043 13.117428958415987 27.376149848103523 144.50926961004734 71.428056120872498 48.971703082323074 18.260475426912308 23.862286567687988 25.983483299612999 10.391922354698179 59.644529536366463 13.20718567073345 42.264936357736588 566.18159829080105 445.43280026316643 1802.1988379508257 53.879172936081886
leaf_count=729 86 3122 687 507 275 502 247 86 38 3311 355 5241 22 764 67 131 742 356 237 88 119 133 53 309 64 204 2640 2078 8117 229
internal_value=-0.000336509 0.00923661 -0.0176347 -0.0217451 0.00524187 0.0205478 -0.0193155 0.0116651 -0.0215254 0.0211526 -0.0199212 -0.0226316 -0.0377246 -0.0240726 0.00552705 -0.0618744 -0.074391 0.00506146 -0.00914921 0.026679 0.0663988 0.0290871 0.094539 0.00956935 -0.00608435 -0.0178621 0.00306789 0.00614225 0.00974427 0.0635554
internal_weight=6802.22 4378.58 2423.64 2055.3 368.343 223.97 1919.44 126.769 1792.67 1491.2 1743.92 1574.08 493.945 318.001 174.964 175.945 148.569 169.835 138.66 67.2322 31.1747 109.137 23.5094 85.628 114.539 101.332 2887.38 2321.2 1875.77 73.5717
internal_count=31539 19583 11956 10224 1732 1045 9495 593 8902 6433 8655 7817 2576 1681 917 895 764 838 681 325 157 562 120 442 543 479 13150 10510 8432 315
is_linear=0
shrinkage=0.1


Tree=9
num_leaves=31
num_cat=0
split_feature=1 1 7 1 4 2 11 6 10 11 14 17 16 9 10 7 11 18 9 18 9 8 16 11 7 7 10 7 8 11
split_gain=93.2141 22.3725 22.8182 17.7386 14.6415 14.7233 14.4068 14.1653 13.4791 16.5748 14.413 17.6301 12.448 22.4316 21.4441 26.3243 18.7226 23.2001 17.7642 16.2733 15.8802 16.161 15.8102 14.3036 20.6806 14.2493 17.9058 12.8129 12.2847 16.9303
threshold=-0.007761811490045672 -0.6680646982512265 0.4503410068458103 2.0179793553175642 -0.38072385443114487 -0.091721285265584859 0.032019229958655332 0.98581347519855467 0.73944646305512218 -0.27072351781227694 -2.6423984805049758 1.7714427776835979 -0.1741436355148045 -0.23566193948681816 0.063788687588227144 0.014498823991311428 -0.39691780093334655 -0.15347253350620468 -0.29219740622060852 0.75814925898303842 -0.32912506643458223 0.91647533832797834 0.77618968911932129 -0.29193033136046936 -0.4522105937103334 -0.28639354729380512 0.39819693720079996 0.21782282953883814 -0.66288383401580353 0.55715700721472705
decision_type=2 2 2 2 2 2 2 2 2 2 2 2 2 2 2 2 2 2 2 2 2 2 2 2 2 2 2 2 2 2
left_child=1 2 -1 4 -2 -6 -4 8 10 -10 -3 12 18 14 15 16 -14 -18 -12 23 -17 -22 -21 24 -15 26 -20 -26 29 -7
right_child=3 7 6 -5 5 28 -8 -9 9 -11 11 -13 13 19 -16 20 17 -19 25 22 21 -23 -24 -25 27 -27 -28 -29 -30 -31
leaf_value=-0.044174458446674128 0.10191281986798933 0.029531786329855748 -0.0069781745314613682 0.027645970275943399 0.016234177726005758 0.0050865339436399377 0.1188276785000264 0.013881246004727791 0.014904987558315414 -0.043485846613373041 -0.0019483895771791463 -0.057968529346294401 -0.034100982806532197 -0.081102802073072799 -0.072362626779894329 -0.079951708539110808 0.11059236665731376 0.0053852055188131649 -0.065453174391964547 -0.085847079293832257 -0.030716877943454363 0.13141732299736228 -0.013254268147747404 0.015047214491005913 0.021348823042103615 0.094435327132873448 0.11658679484350187 -0.051749433547299828 -0.0019684130171237686 0.05396995946015986
leaf_weight=333.28312839567661 14.982729554176329 90.65800367295742 25.479890659451485 528.38630931079388 1145.2679452300072 259.6207183599472 12.310469076037405 232.12384510040283 59.528269499540329 239.19212009012699 366.04829688370228 75.19391742348671 88.545420467853546 39.365099236369133 97.487087070941925 85.217370316386223 23.98151858150959 121.92274370789528 15.203319698572161 30.45466685295105 88.274269104003906 5.0906874835491172 554.35708412528038 453.54068966209888 86.440814808011055 35.978703558444977 6.4741680771112433 31.450665324926376 1548.6238910406828 96.724015757441521
leaf_count=1804 63 422 129 2243 5033 1169 60 1057 285 1138 1745 378 469 189 511 466 118 616 71 150 453 25 2711 2106 412 168 30 149 6950 419
internal_value=-0.000313874 -0.0127336 -0.0357945 0.0107323 0.00779814 0.00727943 0.0364668 -0.00968162 -0.0118043 -0.0317669 -0.00917898 -0.0107986 -0.00908426 -0.0128958 -0.0304198 -0.0202459 0.00174648 0.0237627 0.0062078 -0.00536761 -0.0490035 -0.0197276 -0.0172787 0.00601844 -0.0197914 0.0570644 -0.00619578 0.00127526 0.0018768 0.0185816
internal_weight=6791.21 3197.6 371.073 3593.61 3065.22 3050.24 37.7904 2826.53 2594.4 298.72 2295.68 2205.03 2129.83 1706.13 510.519 413.032 234.45 145.904 423.704 1195.61 178.582 93.365 584.812 610.797 157.257 57.6562 21.6775 117.891 1904.97 356.345
internal_count=31539 15662 1993 15877 13634 13571 189 13669 12612 1423 11189 10767 10389 8375 2658 2147 1203 734 2014 5717 944 478 2861 2856 750 269 101 561 8538 1588
is_linear=0
shrinkage=0.1


Tree=10
num_leaves=31
num_cat=0
split_feature=1 1 3 4 4 5 16 11 14 18 14 9 11 11 18 15 9 3 4 7 11 11 3 19 11 4 14 18 9 5
split_gain=84.9015 28.1891 15.4815 33.4615 19.3015 15.8473 20.4265 16.5329 14.0765 13.6865 13.0892 13.2738 14.6285 15.4429 12.565 20.0656 12.5321 12.8093 12.3309 11.9029 11.3434 11.2975 17.8272 17.5311 13.6674 17.0012 22.3075 19.9186 11.2772 13.7846
threshold=0.2691494726134504 -0.6680646982512265 -0.17737725649193936 -0.098125982347962701 -0.1147672590980534 0.73504328711010591 0.68246442749065583 1.9116509261641195 -3.1539432294967846 -0.38276485148715106 1.610658233628264 0.5459239742612082 -0.27072351781227694 0.96032743514769459 -0.21381289630006736 0.25436024945900532 0.061520989499753799 2.3908784631721218 -0.38072385443114487 0.53342610964708614 2.8576356451616971 1.5749019952580336 1.7780538662033019 0.9801298299081197 3.1446430303830306 0.45895611171563311 6.9472448792346961 0.021946229229787877 -0.12686636286983924 -0.27753818913898848
decision_type=2 2 2 2 2 2 2 2 2 2 2 2 2 2 2 2 2 2 2 2 2 2 2 2 2 2 2 2 2 2
left_child=1 -1 14 4 -4 6 7 10 -2 -10 11 -5 -13 -14 18 19 -7 -18 -3 -16 -9 -11 23 24 -23 27 -27 -26 29 -20
right_child=8 2 3 5 -6 16 -8 20 9 21 -12 12 13 -15 15 -17 17 -19 28 -21 -22 22 -24 -25 25 26 -28 -29 -30 -31
leaf_value=-0.035338872532166034 0.037804050007046397 0.097223828828734205 -0.022263837705465916 -0.0020896632091749693 -0.072418023919987098 -0.058214560358795603 0.055685547289029996 0.091614472445854939 0.096217401393094537 0.0075049939925948984 -0.051051156247631159 0.10915003439890247 -0.029206537531770778 0.07909515799909228 0.082974812612859841 -0.045389071824593862 -0.0080080469314157288 -0.087676656334831557 0.0087840636111864833 0.0021291956826716891 -0.026947141792945575 0.045675037122645763 -0.0783482435205613 -0.030280057722925493 0.025351824680638721 0.12468145380045087 -0.051078487112606943 -0.052943763736665497 0.063543936679062968 -0.022661987735015359
leaf_weight=364.23361930251122 226.94094985723495 11.607824206352232 588.08441203832626 915.56831401586533 87.981841430068016 53.966051191091537 71.958651006221771 30.707921609282494 17.633613213896751 1916.3096285611391 48.848484888672829 21.052587389945984 33.03989365696907 19.717746213078499 61.071860373020172 21.709045082330704 1150.3801253736019 19.124495774507523 348.11777327954769 26.526900961995125 9.6858010292053205 303.56918449699879 14.976866185665129 46.545662075281143 78.381843030452728 22.619331821799282 9.1352698653936368 53.180963292717934 24.539515271782875 229.97916793823242
leaf_count=1994 960 51 3008 4264 461 272 330 133 72 8457 222 94 148 86 283 101 5512 97 1584 122 42 1285 66 203 328 96 39 226 110 1113
internal_value=0.000169368 -0.00881673 -0.0062385 -0.00936023 -0.0289662 -0.00375379 0.00465611 0.00116063 0.0140005 0.0117769 -0.00130387 0.00120568 0.0415753 0.0119694 0.00688566 0.0378866 -0.011675 -0.00943856 0.00125756 0.0591654 0.0627609 0.011101 0.0240464 0.0272917 0.0331525 0.00955078 0.0734936 -0.00638695 -0.000794622 -0.00371761
internal_weight=6827.2 4137.9 3773.67 3050.12 676.066 2374.05 1150.58 1078.62 2689.29 2462.35 1038.23 989.379 73.8102 52.7576 723.552 109.308 1223.47 1169.5 614.244 87.5988 40.3937 2444.72 528.409 513.432 466.887 163.317 31.7546 131.563 602.636 578.097
internal_count=31759 20027 18033 14669 3469 11200 5319 4989 11732 10772 4814 4592 328 234 3364 506 5881 5609 2858 405 175 10700 2243 2177 1974 689 135 554 2807 2697
is_linear=0
shrinkage=0.1


Tree=11
num_leaves=31
num_cat=0
split_feature=1 1 4 3 21 8 12 4 11 3 13 9 13 19 21 8 20 10 20 13 3 17 13 13 11 10 4 17 16 6
split_gain=69.4491 24.3919 16.7689 13.2127 11.5315 11.4918 12.9214 13.2114 15.9627 12.7659 12.6482 16.6214 14.7509 16.2573 10.9732 14.8903 17.5609 14.8071 26.904 17.5016 19.1494 18.4019 14.5712 15.857 13.8405 13.269 12.6346 27.067 20.255 29.9868
threshold=0.3514087669139373 -0.6680646982512265 -0.38072385443114487 2.3908784631721218 1.0000000180025095e-35 -1.1282493595838463 1.0407791929961823 -0.3791208076411558 1.100516140018976 1.7483260932522453 0.12228860268219166 -0.25479700571207725 3.5300355013112124 -0.6850228087097856 0.37500000000000006 -0.523128482100368 1.0000000180025095e-35 -0.5686744356919059 -0.12499999999999999 -0.19155558111382098 -0.27350830195964854 -0.23172713201881442 -1.2482094820158702 -0.44403308347763132 -0.71538856105385518 1.5167841264242428 -0.17386318462096476 -0.054347332227909037 -0.0079794930681814143 -0.56399570429738677
decision_type=2 2 2 2 2 2 2 2 2 2 2 2 2 2 2 2 2 2 2 2 2 2 2 2 2 2 2 2 2 2
left_child=1 -1 4 14 -3 -2 7 -7 -9 10 11 -10 13 -12 17 16 22 18 19 -4 -21 -22 25 -24 -19 -16 -26 -28 29 -29
right_child=5 2 3 -5 -6 6 -8 8 9 -11 12 -13 -14 -15 15 -17 -18 24 -20 20 21 -23 23 -25 26 -27 27 28 -30 -31
leaf_value=-0.032437957338292599 0.040841418920678572 0.16065373170985453 0.11738405395461907 -0.085374108687982966 -0.015684364548384965 0.095500556391464375 0.00084460103264964292 0.0073663320512766155 0.1117806070427643 -0.048138289829676079 0.10828613652525626 0.036825885977673847 0.058776328017552573 0.0013617473981184882 0.12695949349929925 -0.018912193944278316 -0.018395676039141756 -0.043491656739108327 -0.010652113397763245 0.13806540209038423 -0.084909108421934165 0.033573836401623799 -0.056195146026643196 0.040000541582711935 0.012835185133664188 -0.043955892826830788 -0.025800694596824804 0.11854753662398915 -0.0034069062009271104 0.012159694656168224
leaf_weight=357.62022149562836 144.31900338828564 8.7400745302438718 30.278475791215897 19.199440866708755 5.1247302442789069 19.748969405889511 738.93448674678802 928.62627430260181 33.409000799059868 19.850053176283836 13.557596161961554 239.51156368851662 68.3259257376194 264.71827082335949 23.481402963399891 937.15893237292767 112.50536938011646 85.046506345272064 137.36125944554806 13.045048862695692 14.216969937086104 76.797394424676895 21.427767127752304 65.900191560387611 425.71961623430252 4.5655390024185172 516.02503147721291 31.774350821971893 1324.4239006191492 135.11610582470894
leaf_count=1994 615 37 145 101 22 82 3244 4075 137 88 57 991 294 1134 108 4536 550 412 671 59 73 378 102 317 1951 21 2614 145 6176 630
internal_value=0.000144596 -0.00746323 -0.00520723 -0.00561306 0.0990056 0.0135283 0.0118003 0.0168809 0.0157876 0.0279416 0.0305219 0.046635 0.0176304 0.00719523 -0.00518857 -0.0133358 0.0094839 -0.00177376 0.0203277 0.0519199 0.0312847 0.0137733 0.0367284 0.0156214 -0.00417709 0.0976416 -0.0027687 -0.00609506 0.000729162 0.0334093
internal_weight=6816.53 4345.53 3987.91 3974.04 13.8648 2471 2326.68 1587.75 1568 639.372 619.522 272.921 346.602 278.276 3954.84 1165.04 227.88 2789.8 271.699 134.338 104.059 91.0144 115.375 87.328 2518.11 28.0469 2433.06 2007.34 1491.31 166.89
internal_count=31759 21042 19048 18989 59 10717 10102 6858 6776 2701 2613 1128 1485 1191 18888 5634 1098 13254 1326 655 510 451 548 419 11928 129 11516 9565 6951 775
is_linear=0
shrinkage=0.1


Tree=12
num_leaves=31
num_cat=0
split_feature=1 1 4 3 6 20 10 11 6 8 7 20 21 19 15 6 6 1 8 10 20 19 5 7 7 8 10 19 18 3
split_gain=56.4159 20.3809 14.9111 11.407 10.1009 12.1083 14.0515 11.7114 12.1978 15.0203 14.9849 11.6283 9.80666 13.8513 30.4392 16.4012 13.0306 20.0783 12.7965 12.0348 21.9663 12.3275 13.2199 12.4792 21.8445 12.2985 12.2439 16.2321 11.9031 11.7671
threshold=0.3514087669139373 -0.67468840804187635 -0.38072385443114487 2.3908784631721218 -1.2256697023694916 0.12500000000000003 2.9501286580009682 1.8520039504063852 3.4027199374260371 0.67320863820951315 -2.6497884325468508 -0.87499999999999989 0.37500000000000006 -0.55979579138557167 -2.1059862066136934 -0.68561889791787067 1.1991452249179033 -0.047062446573993381 0.12430872576209308 -0.5686744356919059 -0.12499999999999999 0.18522854381799517 2.0865967786827317 0.91045494658933557 0.027676103669926861 -0.067361115626015197 0.78844995180840161 -0.55979579138557167 1.9913426662240783 -0.038101168066415642
decision_type=2 2 2 2 2 2 2 2 2 2 2 2 2 2 2 2 2 2 2 2 2 2 2 2 2 2 2 2 2 2
left_child=1 -1 -3 12 5 6 11 -6 10 -10 -9 -2 19 14 -14 -16 -15 -18 -19 20 -4 23 25 24 26 29 -21 -28 -26 -23
right_child=4 2 3 -5 7 -7 -8 8 9 -11 -12 -13 13 16 15 -17 17 18 -20 21 -22 22 -24 -25 28 -27 27 -29 -30 -31
leaf_value=-0.030596070382521587 -0.004449072960893005 0.092080229159806237 0.046281850950781453 -0.080759902602101821 0.006039850114645179 0.0049651745304182182 -0.049535795651730358 0.13143051068105996 0.040183187377632552 -0.088746965919378654 0.026269203750204573 0.061339423157955611 0.09748852439125924 -0.020253449944714615 0.072096866314001903 -0.019874393048063006 0.085137704762900293 0.058142435622564048 -0.066733152896951656 0.0027377999569816926 -0.009932331703740074 -0.0047061283588192429 -0.10231038536698589 0.020815842945000693 -0.032043186929497966 0.0030198863043745007 0.014018938900336654 -0.049832044546102253 0.061910018345465501 0.082243488923118155
leaf_weight=329.82844221591949 31.316413789987564 14.317503646016119 137.66616812348366 18.394844174385071 1742.3654533177614 138.40969642996788 13.759067609906195 12.858313381671904 15.016612246632574 18.506174311041832 345.05942830443382 160.23062850534916 32.881326451897621 918.11569394171238 21.147752076387405 132.16679471731186 29.149861186742783 10.825982451438902 23.019508436322212 720.30746026337147 137.09510052204132 24.766820058226585 9.9049705713987333 122.5761259496212 469.00991480052471 957.27877621352673 60.685367837548256 109.19184669852257 12.396732673048971 37.937178462743759
leaf_count=1874 131 60 660 101 7630 579 57 52 63 79 1456 670 155 4489 97 659 132 48 104 3434 673 121 49 562 2282 4503 286 516 62 175
internal_value=0.000135312 -0.00674893 -0.00476625 -0.00515379 0.0121682 0.0280789 0.0434155 0.00957795 0.0251925 -0.0311739 0.0306356 0.0505289 -0.00476769 -0.0124635 0.0124034 -0.00648333 -0.0172149 0.0262012 -0.0254517 -0.00154587 0.0182591 -0.00371927 0.00468145 -0.00952191 -0.0122675 0.00588873 -0.0029473 -0.0269827 -0.0293976 0.048281
internal_weight=6806.19 4328.66 3998.84 3984.52 2477.52 343.716 205.306 2133.81 391.441 33.5228 357.918 191.547 3966.12 1167.31 186.196 153.315 981.111 62.9954 33.8455 2798.82 274.761 2524.06 1029.89 1494.17 1371.59 1019.98 890.185 169.877 481.407 62.704
internal_count=31759 21042 19168 19108 10717 1437 858 9280 1650 142 1508 801 19007 5684 911 756 4773 284 152 13323 1333 11990 4848 7142 6580 4799 4236 802 2344 296
is_linear=0
shrinkage=0.1


Tree=13
num_leaves=31
num_cat=0
split_feature=1 1 5 5 10 17 20 21 14 10 9 4 20 5 18 19 8 11 14 14 12 15 9 16 11 10 14 5 15 18
split_gain=46.0149 16.2844 10.7881 18.914 15.913 14.8684 12.9465 12.0793 17.8018 22.5067 14.9975 25.1689 16.1636 13.5025 17.8663 16.557 14.1082 12.8174 12.084 14.1072 11.7393 14.8775 11.5675 19.84 19.4805 19.3058 19.2728 17.451 13.2556 11.6427
threshold=0.2691494726134504 -0.67468840804187635 -0.27753818913898848 -0.36400442081124479 -0.83973351762786252 -0.26521635491830792 0.20833333333333334 1.0000000180025095e-35 -1.0546635582280486 0.78844995180840161 1.9141889212278647 1.5673098778865919 -0.54166666666666663 0.88154757605978173 0.92068167738357176 -0.6850228087097856 0.57660596292673549 0.0057643452331647719 1.8069013090304895 6.2996619113162726 -0.54590788226758369 0.23460185923015023 -0.1214160802973364 0.45817884990677366 -0.17783192655683275 0.94239171820692813 0.33358124509556203 0.32979008449689334 0.29871241524552289 1.6155022438308537
decision_type=2 2 2 2 2 2 2 2 2 2 2 2 2 2 2 2 2 2 2 2 2 2 2 2 2 2 2 2 2 2
left_child=1 -1 3 4 -3 -4 -5 8 9 13 11 20 -12 15 -15 -7 17 -16 -14 -20 -10 -22 26 24 25 -24 28 -26 -9 -25
right_child=-2 2 5 6 -6 7 -8 22 10 -11 12 -13 18 14 16 -17 -18 -19 19 -21 21 -23 23 29 27 -27 -28 -29 -30 -31
leaf_value=-0.028035144103552553 0.01022360021416556 0.14062691810273481 -0.10474932716395804 0.065725627489336649 -0.0099368110375586266 -0.034523780067066356 0.0002391972541113895 -0.0080829544526146227 0.018773511772084795 -0.02851950295959111 0.11681965994224214 -0.056631569319329417 -0.080917696193962149 -0.11002518679780338 0.016271128972350824 0.090357294597422408 -0.056955352903421179 0.082776168962298793 0.070345365018949502 -0.046427944165941579 -0.015308280417752432 0.0073084676317909077 0.1210443905176827 -0.022798115121937645 9.255209449779108e-05 -0.07686867378409365 -0.07369089239329589 0.12412860142267618 -0.048484539586459076 0.0084730166940871262
leaf_weight=324.3949161618948 2710.0427263230085 5.7314052879810324 13.855086490511892 82.056905299425125 229.63738076388836 11.589399993419645 48.247307807207108 368.18933184444904 197.45041048526764 68.134272962808609 18.156893461942673 94.686112239956856 10.078101530671118 8.5522855967283231 90.279424026608467 64.010037571191788 16.024719908833504 42.6685631275177 30.617089480161667 13.811277523636816 823.03633980453014 446.86553582549095 27.096897169947628 494.42543506622314 215.75770372152328 4.752305954694747 68.296469330787659 10.491774022579191 103.70014160871506 154.71265622973442
leaf_count=1874 11732 26 71 364 1051 52 216 1914 956 318 84 484 49 38 431 285 77 199 142 64 4044 2101 124 2386 984 22 334 47 516 774
internal_value=0.000119522 -0.00657628 -0.00471059 0.0115583 -0.00531872 -0.00647196 0.0419086 -0.00601736 -0.000837632 0.0214257 -0.00496863 -0.00705933 0.0389391 0.0361972 0.0190242 0.0706544 0.0275886 0.0384495 0.010205 0.0332783 -0.00379233 -0.00733471 -0.0129235 -0.00597869 0.0173711 0.0887844 -0.0245015 0.00671189 -0.0171292 -0.015312
internal_weight=6797.35 4087.31 3762.91 365.673 235.369 3397.24 130.304 3383.38 1935.96 301.259 1634.7 1562.04 72.6634 233.124 157.525 75.5994 148.973 132.948 54.5065 44.4284 1467.35 1269.9 1447.42 907.237 258.099 31.8492 540.186 226.249 471.889 649.138
internal_count=31759 20027 18153 1657 1077 16496 580 16425 9324 1400 7924 7585 339 1082 745 337 707 630 255 206 7101 6145 7101 4337 1177 146 2764 1031 2430 3160
is_linear=0
shrinkage=0.1


end of trees

feature_importances:
Column_11=45
Column_1=33
Column_9=32
Column_7=31
Column_5=30
Column_10=29
Column_18=24
Column_4=21
Column_14=21
Column_6=18
Column_17=18
Column_13=17
Column_8=15
Column_3=13
Column_21=12
Column_15=11
Column_16=11
Column_20=11
Column_12=9
Column_19=8
Column_0=6
Column_2=5

parameters:
[boosting: gbdt]
[objective: binary]
[metric: binary_logloss]
[tree_learner: serial]
[device_type: cpu]
[data_sample_strategy: bagging]
[data: ]
[valid: ]
[num_iterations: 500]
[learning_rate: 0.1]
[num_leaves: 31]
[num_threads: 0]
[seed: 42]
[deterministic: 0]
[force_col_wise: 0]
[force_row_wise: 0]
[histogram_pool_size: -1]
[max_depth: 12]
[min_data_in_leaf: 20]
[min_sum_hessian_in_leaf: 0.001]
[bagging_fraction: 0.9]
[pos_bagging_fraction: 1]
[neg_bagging_fraction: 1]
[bagging_freq: 5]
[bagging_seed: 400]
[bagging_by_query: 0]
[feature_fraction: 0.9]
[feature_fraction_bynode: 1]
[feature_fraction_seed: 30056]
[extra_trees: 0]
[extra_seed: 12879]
[early_stopping_round: 0]
[early_stopping_min_delta: 0]
[first_metric_only: 0]
[max_delta_step: 0]
[lambda_l1: 0.2]
[lambda_l2: 1.5]
[linear_lambda: 0]
[min_gain_to_split: 0]
[drop_rate: 0.1]
[max_drop: 50]
[skip_drop: 0.5]
[xgboost_dart_mode: 0]
[uniform_drop: 0]
[drop_seed: 17869]
[top_rate: 0.2]
[other_rate: 0.1]
[min_data_per_group: 100]
[max_cat_threshold: 32]
[cat_l2: 10]
[cat_smooth: 10]
[max_cat_to_onehot: 4]
[top_k: 20]
[monotone_constraints: ]
[monotone_constraints_method: basic]
[monotone_penalty: 0]
[feature_contri: ]
[forcedsplits_filename: ]
[refit_decay_rate: 0.9]
[cegb_tradeoff: 1]
[cegb_penalty_split: 0]
[cegb_penalty_feature_lazy: ]
[cegb_penalty_feature_coupled: ]
[path_smooth: 0]
[interaction_constraints: ]
[verbosity: -1]
[saved_feature_importance_type: 0]
[use_quantized_grad: 0]
[num_grad_quant_bins: 4]
[quant_train_renew_leaf: 0]
[stochastic_rounding: 1]
[linear_tree: 0]
[max_bin: 255]
[max_bin_by_feature: ]
[min_data_in_bin: 3]
[bin_construct_sample_cnt: 200000]
[data_random_seed: 175]
[is_enable_sparse: 1]
[enable_bundle: 1]
[use_missing: 1]
[zero_as_missing: 0]
[feature_pre_filter: 1]
[pre_partition: 0]
[two_round: 0]
[header: 0]
[label_column: ]
[weight_column: ]
[group_column: ]
[ignore_column: ]
[categorical_feature: ]
[forcedbins_filename: ]
[precise_float_parser: 0]
[parser_config_file: ]
[objective_seed: 16083]
[num_class: 1]
[is_unbalance: 0]
[scale_pos_weight: 1]
[sigmoid: 1]
[boost_from_average: 1]
[reg_sqrt: 0]
[alpha: 0.9]
[fair_c: 1]
[poisson_max_delta_step: 0.7]
[tweedie_variance_power: 1.5]
[lambdarank_truncation_level: 30]
[lambdarank_norm: 1]
[label_gain: ]
[lambdarank_position_bias_regularization: 0]
[eval_at: ]
[multi_error_top_k: 1]
[auc_mu_weights: ]
[num_machines: 1]
[local_listen_port: 12400]
[time_out: 120]
[machine_list_filename: ]
[machines: ]
[gpu_platform_id: -1]
[gpu_device_id: -1]
[gpu_use_dp: 0]
[num_gpu: 1]

end of parameters

pandas_categorical:null
